Date,Capacity,Turnover,Open,High,Low,Close,Change,Transaction,AdjFactor,Open_adj,Close_adj,Low_adj,High_adj
2020-05-04,369100,10413705,27.7,28.9,27.7,28.0,0.25,220,0.8708608195974548,24.1228,24.3841,24.1228,25.1679
2020-05-05,58112,1613735,27.8,27.9,27.65,27.7,-0.3,41,0.8708608195974548,24.2099,24.1228,24.0793,24.297
2020-05-06,50000,1383700,27.95,27.95,27.4,27.7,0.0,34,0.8708608195974548,24.3406,24.1228,23.8616,24.3406
2020-05-07,31448,868120,27.9,27.9,27.5,27.7,0.0,25,0.8708608195974548,24.297,24.1228,23.9487,24.297
2020-05-08,92629,2567909,28.2,28.2,27.6,27.8,0.1,51,0.8708608195974548,24.5583,24.2099,24.0358,24.5583
2020-05-11,68000,1905250,27.9,28.2,27.55,27.8,0.0,56,0.8708608195974548,24.297,24.2099,23.9922,24.5583
2020-05-12,141000,3947050,27.6,28.3,27.45,27.7,-0.1,100,0.8708608195974548,24.0358,24.1228,23.9051,24.6454
2020-05-13,95000,2631700,27.95,27.95,27.35,27.95,0.25,66,0.8708608195974548,24.3406,24.3406,23.818,24.3406
2020-05-14,20000,549950,27.6,27.8,27.2,27.2,-0.75,15,0.8708608195974548,24.0358,23.6874,23.6874,24.2099
2020-05-15,62529,1706107,27.3,27.5,27.1,27.15,-0.05,50,0.8708608195974548,23.7745,23.6439,23.6003,23.9487
2020-05-18,161097,4275617,26.6,27.25,26.1,26.1,-1.05,98,0.8708608195974548,23.1649,22.7295,22.7295,23.731
2020-05-19,71759,1934762,27.5,27.5,26.45,26.6,0.5,38,0.8708608195974548,23.9487,23.1649,23.0343,23.9487
2020-05-20,14000,368650,26.65,26.65,26.2,26.3,-0.3,13,0.8708608195974548,23.2084,22.9036,22.8166,23.2084
2020-05-21,96098,2548759,26.15,27.1,26.1,26.85,0.55,55,0.8708608195974548,22.773,23.3826,22.7295,23.6003
2020-05-22,26664,697596,26.65,26.65,25.9,25.9,-0.95,20,0.8708608195974548,23.2084,22.5553,22.5553,23.2084
2020-05-25,60000,1586350,26.2,26.6,26.2,26.35,0.45,23,0.8708608195974548,22.8166,22.9472,22.8166,23.1649
2020-05-26,47116,1249812,26.5,26.8,26.45,26.6,0.25,38,0.8708608195974548,23.0778,23.1649,23.0343,23.3391
2020-05-27,49060,1284578,26.5,26.6,25.5,26.35,-0.25,38,0.8708608195974548,23.0778,22.9472,22.207,23.1649
2020-05-28,103208,2754624,26.15,27.15,25.9,26.8,0.45,68,0.8708608195974548,22.773,23.3391,22.5553,23.6439
2020-05-29,12087,323809,26.6,27.2,26.55,26.55,-0.25,13,0.8708608195974548,23.1649,23.1214,23.1214,23.6874
2020-06-01,24952,663327,26.7,26.7,26.35,26.7,0.15,28,0.8708608195974548,23.252,23.252,22.9472,23.252
2020-06-02,33560,894418,26.55,26.85,26.35,26.75,0.05,31,0.8708608195974548,23.1214,23.2955,22.9472,23.3826
2020-06-03,33294,895411,26.75,27.2,26.6,26.6,-0.15,26,0.8708608195974548,23.2955,23.1649,23.1649,23.6874
2020-06-04,14080,375978,26.85,26.85,26.5,26.7,0.1,15,0.8708608195974548,23.3826,23.252,23.0778,23.3826
2020-06-05,4120,110142,27.05,27.05,26.5,26.8,0.1,5,0.8708608195974548,23.5568,23.3391,23.0778,23.5568
2020-06-08,21777,583490,26.9,26.95,26.65,26.7,-0.1,24,0.8708608195974548,23.4262,23.252,23.2084,23.4697
2020-06-09,18784,502276,26.7,26.9,26.7,26.7,0.0,18,0.8708608195974548,23.252,23.252,23.252,23.4262
2020-06-10,276860,7644805,26.75,28.15,26.75,27.65,0.95,156,0.8708608195974548,23.2955,24.0793,23.2955,24.5147
2020-06-11,140052,3889863,27.75,28.1,26.95,27.4,-0.25,72,0.8708608195974548,24.1664,23.8616,23.4697,24.4712
2020-06-12,36100,990150,27.1,27.7,27.1,27.1,-0.3,33,0.8708608195974548,23.6003,23.6003,23.6003,24.1228
2020-06-15,554160,15731509,27.95,29.05,27.6,28.7,1.6,283,0.8708608195974548,24.3406,24.9937,24.0358,25.2985
2020-06-16,115563,3317486,28.7,29.0,28.35,28.95,0.25,67,0.8708608195974548,24.9937,25.2114,24.6889,25.255
2020-06-17,133149,3886171,29.7,29.7,28.7,29.2,0.25,74,0.8708608195974548,25.8646,25.4291,24.9937,25.8646
2020-06-18,67149,1948335,29.2,29.2,28.7,29.15,-0.05,55,0.8708608195974548,25.4291,25.3856,24.9937,25.4291
2020-06-19,94333,2695188,29.1,29.1,28.15,28.8,-0.35,70,0.8708608195974548,25.342,25.0808,24.5147,25.342
2020-06-22,39521,1133667,28.9,28.9,28.5,28.85,0.05,26,0.8708608195974548,25.1679,25.1243,24.8195,25.1679
2020-06-23,68520,1961590,28.7,28.75,28.4,28.4,-0.45,47,0.8708608195974548,24.9937,24.7324,24.7324,25.0372
2020-06-24,35262,998711,28.5,28.6,28.05,28.2,-0.2,32,0.8708608195974548,24.8195,24.5583,24.4276,24.9066
2020-06-29,78504,2166408,27.8,27.8,27.3,27.4,-0.8,50,0.8708608195974548,24.2099,23.8616,23.7745,24.2099
2020-06-30,21341,584258,27.45,27.45,27.25,27.45,0.05,15,0.8708608195974548,23.9051,23.9051,23.731,23.9051
2020-07-01,55300,1501580,27.2,27.5,27.0,27.15,-0.3,38,0.8708608195974548,23.6874,23.6439,23.5132,23.9487
2020-07-02,135955,3751627,27.0,28.1,27.0,27.75,0.6,104,0.8708608195974548,23.5132,24.1664,23.5132,24.4712
2020-07-03,80000,2252050,28.0,28.5,27.7,27.9,0.15,55,0.8708608195974548,24.3841,24.297,24.1228,24.8195
2020-07-06,283496,8141983,27.9,29.1,27.9,29.1,1.2,192,0.8708608195974548,24.297,25.342,24.297,25.342
2020-07-07,178576,5214071,29.0,29.6,28.6,28.8,-0.3,108,0.8708608195974548,25.255,25.0808,24.9066,25.7775
2020-07-08,302229,8936991,29.1,29.8,29.0,29.15,0.35,164,0.8708608195974548,25.342,25.3856,25.255,25.9517
2020-07-09,261996,7686929,29.1,29.9,28.85,29.8,0.65,162,0.8708608195974548,25.342,25.9517,25.1243,26.0387
2020-07-10,395615,11936100,29.4,30.55,29.1,30.2,0.4,218,0.8708608195974548,25.6033,26.3,25.342,26.6048
2020-07-13,358617,11046416,30.3,31.0,30.3,30.7,0.5,202,0.8708608195974548,26.3871,26.7354,26.3871,26.9967
2020-07-14,142688,4371390,30.6,30.85,30.4,30.4,-0.3,85,0.8708608195974548,26.6483,26.4742,26.4742,26.8661
2020-07-15,78834,2385020,30.4,30.65,29.55,30.2,-0.2,62,0.8708608195974548,26.4742,26.3,25.7339,26.6919
2020-07-16,106545,3220473,29.6,30.9,29.6,29.6,-0.6,76,0.8708608195974548,25.7775,25.7775,25.7775,26.9096
2020-07-17,312886,9539352,30.05,30.8,29.7,30.2,0.6,156,0.8708608195974548,26.1694,26.3,25.8646,26.8225
2020-07-20,83150,2460995,30.2,30.2,29.2,29.3,-0.9,48,0.8708608195974548,26.3,25.5162,25.4291,26.3
2020-07-21,141334,4135200,29.4,29.5,29.1,29.25,-0.05,102,0.8708608195974548,25.6033,25.4727,25.342,25.6904
2020-07-22,57578,1697464,29.35,29.75,29.35,29.5,0.25,40,0.8708608195974548,25.5598,25.6904,25.5598,25.9081
2020-07-23,74821,2223330,29.35,30.3,29.3,30.2,0.7,58,0.8708608195974548,25.5598,26.3,25.5162,26.3871
2020-07-24,82791,2441815,30.1,30.1,27.6,28.1,-2.1,60,0.8708608195974548,26.2129,24.4712,24.0358,26.2129
2020-07-27,76400,2141600,28.25,28.5,27.65,28.25,0.15,44,0.8708608195974548,24.6018,24.6018,24.0793,24.8195
2020-07-28,73522,2087821,28.3,28.65,28.1,28.65,0.4,56,0.8708608195974548,24.6454,24.9502,24.4712,24.9502
2020-07-29,95797,2794592,28.75,29.6,28.7,29.05,0.4,84,0.8708608195974548,25.0372,25.2985,24.9937,25.7775
2020-07-30,60690,1754615,28.95,29.4,28.7,28.7,-0.35,49,0.8708608195974548,25.2114,24.9937,24.9937,25.6033
2020-07-31,26000,744650,29.1,29.1,28.45,28.6,-0.1,17,0.8708608195974548,25.342,24.9066,24.776,25.342
2020-08-03,61000,1722100,28.5,28.5,28.05,28.15,-0.45,41,0.8708608195974548,24.8195,24.5147,24.4276,24.8195
2020-08-04,43940,1250255,28.75,28.75,28.3,28.45,0.3,35,0.8708608195974548,25.0372,24.776,24.6454,25.0372
2020-08-05,40400,1158530,28.2,29.0,28.2,28.55,0.1,32,0.8708608195974548,24.5583,24.8631,24.5583,25.255
2020-08-06,52280,1506308,28.45,29.0,28.45,28.75,0.2,41,0.8708608195974548,24.776,25.0372,24.776,25.255
2020-08-07,98514,2869020,28.65,29.6,28.6,28.6,-0.15,64,0.8708608195974548,24.9502,24.9066,24.9066,25.7775
2020-08-10,64444,1835624,28.4,28.8,28.3,28.7,0.1,47,0.8708608195974548,24.7324,24.9937,24.6454,25.0808
2020-08-11,38000,1097250,28.75,29.15,28.6,28.8,0.1,18,0.8708608195974548,25.0372,25.0808,24.9066,25.3856
2020-08-12,19282,547837,28.65,28.8,28.25,28.3,-0.5,18,0.8708608195974548,24.9502,24.6454,24.6018,25.0808
2020-08-13,4859,137922,28.3,28.65,28.3,28.4,0.1,8,0.8708608195974548,24.6454,24.7324,24.6454,24.9502
2020-08-14,61600,1775030,28.7,29.05,28.7,28.7,0.3,37,0.8708608195974548,24.9937,24.9937,24.9937,25.2985
2020-08-17,144315,4251327,28.8,29.8,28.8,29.5,0.8,101,0.8708608195974548,25.0808,25.6904,25.0808,25.9517
2020-08-18,105000,3120050,29.5,29.9,29.4,29.75,0.25,91,0.8708608195974548,25.6904,25.9081,25.6033,26.0387
2020-08-19,82360,2453569,29.6,29.9,29.6,29.7,-0.05,62,0.8708608195974548,25.7775,25.8646,25.7775,26.0387
2020-08-20,59574,1728016,29.7,29.9,28.1,28.75,-0.95,55,0.8708608195974548,25.8646,25.0372,24.4712,26.0387
2020-08-21,65109,1871582,28.6,29.2,28.4,28.95,0.2,60,0.8708608195974548,24.9066,25.2114,24.7324,25.4291
2020-08-24,82533,2349756,28.45,28.6,28.4,28.4,-0.55,59,0.8708608195974548,24.776,24.7324,24.7324,24.9066
2020-08-25,24900,707847,28.35,28.5,28.35,28.5,0.1,31,0.8708608195974548,24.6889,24.8195,24.6889,24.8195
2020-08-26,19182,556959,28.7,29.2,28.7,29.1,0.6,15,0.8708608195974548,24.9937,25.342,24.9937,25.4291
2020-08-27,19060,548807,29.0,29.1,28.5,28.6,-0.5,17,0.8708608195974548,25.255,24.9066,24.8195,25.342
2020-08-28,10086,291972,28.95,29.0,28.75,28.9,0.3,9,0.8708608195974548,25.2114,25.1679,25.0372,25.255
2020-08-31,45230,1282297,28.6,28.6,28.2,28.4,0.0,38,0.8861928762805087,25.3451,25.1679,24.9906,25.3451
2020-09-01,11904,337692,28.4,28.4,28.2,28.4,0.0,10,0.8861928762805087,25.1679,25.1679,24.9906,25.1679
2020-09-02,61698,1754923,28.3,28.75,27.8,28.6,0.2,37,0.8861928762805087,25.0793,25.3451,24.6362,25.478
2020-09-03,26162,750925,28.5,29.1,28.45,28.45,-0.15,21,0.8861928762805087,25.2565,25.2122,25.2122,25.7882
2020-09-04,78832,2244996,29.2,29.2,28.15,28.15,-0.3,66,0.8861928762805087,25.8768,24.9463,24.9463,25.8768
2020-09-07,23873,675631,28.2,28.5,28.2,28.3,0.15,20,0.8861928762805087,24.9906,25.0793,24.9906,25.2565
2020-09-08,10463,295909,28.35,28.35,28.25,28.25,-0.05,11,0.8861928762805087,25.1236,25.0349,25.0349,25.1236
2020-09-09,121816,3547502,28.25,29.5,28.25,29.25,1.0,99,0.8861928762805087,25.0349,25.9211,25.0349,26.1427
2020-09-10,57233,1673674,29.2,29.35,28.8,28.8,-0.45,48,0.8861928762805087,25.8768,25.5224,25.5224,26.0098
2020-09-11,36990,1056368,28.4,28.85,28.25,28.25,-0.55,34,0.8861928762805087,25.1679,25.0349,25.0349,25.5667
2020-09-14,61960,1746980,28.35,28.35,28.15,28.15,-0.1,40,0.8861928762805087,25.1236,24.9463,24.9463,25.1236
2020-09-15,33592,945045,28.2,28.25,28.1,28.1,-0.05,28,0.8861928762805087,24.9906,24.902,24.902,25.0349
2020-09-16,37528,1066834,28.6,28.65,28.3,28.45,0.35,34,0.8861928762805087,25.3451,25.2122,25.0793,25.3894
2020-09-17,66686,1877142,28.35,28.4,28.05,28.2,-0.25,54,0.8861928762805087,25.1236,24.9906,24.8577,25.1679
2020-09-18,30005,847091,28.2,28.4,28.05,28.4,0.2,25,0.8861928762805087,24.9906,25.1679,24.8577,25.1679
2020-09-21,16723,473400,28.25,28.35,28.15,28.35,-0.05,15,0.8861928762805087,25.0349,25.1236,24.9463,25.1236
2020-09-22,44000,1244350,28.0,28.75,27.95,28.2,-0.15,36,0.8861928762805087,24.8134,24.9906,24.7691,25.478
2020-09-23,42000,1193050,28.5,28.55,28.1,28.3,0.1,33,0.8861928762805087,25.2565,25.0793,24.902,25.3008
2020-09-24,79180,2193691,28.1,28.25,27.1,27.3,-1.0,59,0.8861928762805087,24.902,24.1931,24.0158,25.0349
2020-09-25,65147,1780376,27.3,27.45,27.1,27.2,-0.1,52,0.8861928762805087,24.1931,24.1044,24.0158,24.326
2020-09-28,4090,111845,27.5,27.5,27.5,27.5,0.3,9,0.8861928762805087,24.3703,24.3703,24.3703,24.3703
2020-09-29,80000,2242550,27.45,28.4,27.4,28.35,0.85,48,0.8861928762805087,24.326,25.1236,24.2817,25.1679
2020-09-30,12360,348484,28.4,28.4,28.0,28.3,-0.05,12,0.8861928762805087,25.1679,25.0793,24.8134,25.1679
2020-10-05,27235,770390,28.3,28.35,28.1,28.2,-0.1,24,0.8861928762805087,25.0793,24.9906,24.902,25.1236
2020-10-06,63874,1818033,28.25,28.9,27.2,28.9,0.7,60,0.8861928762805087,25.0349,25.611,24.1044,25.611
2020-10-07,29172,836536,28.5,28.85,28.3,28.85,-0.05,22,0.8861928762805087,25.2565,25.5667,25.0793,25.5667
2020-10-08,76841,2248404,29.1,29.6,28.9,29.1,0.25,56,0.8861928762805087,25.7882,25.7882,25.611,26.2313
2020-10-12,38423,1110955,29.0,29.05,28.6,28.65,-0.45,37,0.8861928762805087,25.6996,25.3894,25.3451,25.7439
2020-10-13,53363,1551527,29.2,29.4,28.0,29.1,0.45,32,0.8861928762805087,25.8768,25.7882,24.8134,26.0541
2020-10-14,7200,207510,28.85,28.85,28.75,28.8,-0.3,8,0.8861928762805087,25.5667,25.5224,25.478,25.5667
2020-10-15,10000,288700,28.8,29.15,28.7,29.1,0.3,10,0.8861928762805087,25.5224,25.7882,25.4337,25.8325
2020-10-16,8700,252060,29.1,29.1,28.6,29.1,0.0,14,0.8861928762805087,25.7882,25.7882,25.3451,25.7882
2020-10-19,129999,3821219,29.1,29.6,29.0,29.5,0.4,98,0.8861928762805087,25.7882,26.1427,25.6996,26.2313
2020-10-20,155605,4585435,29.4,29.65,29.2,29.4,-0.1,96,0.8861928762805087,26.0541,26.0541,25.8768,26.2756
2020-10-21,21892,639312,28.85,29.35,28.85,29.2,-0.2,23,0.8861928762805087,25.5667,25.8768,25.5667,26.0098
2020-10-22,41000,1203300,29.7,29.7,29.1,29.2,0.0,24,0.8861928762805087,26.3199,25.8768,25.7882,26.3199
2020-10-23,28052,824164,29.8,29.8,29.0,29.35,0.15,27,0.8861928762805087,26.4085,26.0098,25.6996,26.4085
2020-10-26,112050,3294454,29.8,29.8,29.3,29.3,-0.05,20,0.8861928762805087,26.4085,25.9655,25.9655,26.4085
2020-10-27,3546,103842,29.4,29.4,29.25,29.25,-0.05,7,0.8861928762805087,26.0541,25.9211,25.9211,26.0541
2020-10-28,7732,226601,29.45,29.65,29.0,29.2,-0.05,11,0.8861928762805087,26.0984,25.8768,25.6996,26.2756
2020-10-29,33049,948601,28.25,29.0,28.0,28.75,-0.45,33,0.8861928762805087,25.0349,25.478,24.8134,25.6996
2020-10-30,48276,1393540,29.4,29.4,28.6,28.65,-0.1,47,0.8861928762805087,26.0541,25.3894,25.3451,26.0541
2020-11-02,36833,1018260,28.4,29.2,25.8,27.2,-1.45,27,0.8861928762805087,25.1679,24.1044,22.8638,25.8768
2020-11-03,46796,1336526,28.95,28.95,28.3,28.3,1.1,46,0.8861928762805087,25.6553,25.0793,25.0793,25.6553
2020-11-04,20800,592060,28.8,28.8,28.3,28.3,0.0,19,0.8861928762805087,25.5224,25.0793,25.0793,25.5224
2020-11-05,13102,373276,28.55,28.55,28.3,28.3,0.0,6,0.8861928762805087,25.3008,25.0793,25.0793,25.3008
2020-11-06,10165,288693,28.55,28.55,28.25,28.55,0.25,12,0.8861928762805087,25.3008,25.3008,25.0349,25.3008
2020-11-09,19156,548072,28.9,28.9,28.3,28.5,-0.05,19,0.8861928762805087,25.611,25.2565,25.0793,25.611
2020-11-10,34504,987451,28.6,28.8,28.4,28.4,-0.1,35,0.8861928762805087,25.3451,25.1679,25.1679,25.5224
2020-11-11,52440,1474180,28.7,28.7,27.55,28.45,0.05,53,0.8861928762805087,25.4337,25.2122,24.4146,25.4337
2020-11-12,97850,2802696,29.0,29.0,27.9,28.0,-0.45,59,0.8861928762805087,25.6996,24.8134,24.7248,25.6996
2020-11-13,19419,547962,28.6,28.6,28.0,28.3,0.3,18,0.8861928762805087,25.3451,25.0793,24.8134,25.3451
2020-11-16,31702,901238,28.5,28.5,28.3,28.5,0.2,25,0.8861928762805087,25.2565,25.2565,25.0793,25.2565
2020-11-17,54143,1542124,28.2,28.7,28.2,28.7,0.2,46,0.8861928762805087,24.9906,25.4337,24.9906,25.4337
2020-11-18,19386,555876,28.7,28.75,28.55,28.75,0.05,20,0.8861928762805087,25.4337,25.478,25.3008,25.478
2020-11-19,14386,409552,28.2,28.6,28.2,28.4,-0.35,18,0.8861928762805087,24.9906,25.1679,24.9906,25.3451
2020-11-20,92573,2666806,29.3,29.3,28.55,28.75,0.35,65,0.8861928762805087,25.9655,25.478,25.3008,25.9655
2020-11-23,106516,3017351,28.8,28.8,28.05,28.3,-0.45,60,0.8861928762805087,25.5224,25.0793,24.8577,25.5224
2020-11-24,104864,2940278,28.0,28.3,27.8,28.1,-0.2,63,0.8861928762805087,24.8134,24.902,24.6362,25.0793
2020-11-25,74172,2078184,27.9,28.1,27.6,28.1,0.0,42,0.8861928762805087,24.7248,24.902,24.4589,24.902
2020-11-26,64206,1795813,27.85,28.15,27.85,28.15,0.05,53,0.8861928762805087,24.6805,24.9463,24.6805,24.9463
2020-11-27,88095,2488196,28.0,28.5,28.0,28.3,0.15,68,0.8861928762805087,24.8134,25.0793,24.8134,25.2565
2020-11-30,90293,2568817,28.5,28.7,28.2,28.25,-0.05,68,0.8861928762805087,25.2565,25.0349,24.9906,25.4337
2020-12-01,30303,854363,28.25,28.3,28.1,28.3,0.05,33,0.8861928762805087,25.0349,25.0793,24.902,25.0793
2020-12-02,58867,1665134,28.1,28.45,28.1,28.2,-0.1,45,0.8861928762805087,24.902,24.9906,24.902,25.2122
2020-12-03,11433,322660,28.2,28.3,28.2,28.2,0.0,14,0.8861928762805087,24.9906,24.9906,24.9906,25.0793
2020-12-04,57530,1628149,28.2,28.4,28.2,28.25,0.05,48,0.8861928762805087,24.9906,25.0349,24.9906,25.1679
2020-12-07,79892,2263358,28.4,28.5,28.15,28.2,-0.05,41,0.8861928762805087,25.1679,24.9906,24.9463,25.2565
2020-12-08,50637,1425188,27.95,28.6,27.7,27.7,-0.5,41,0.8861928762805087,24.7691,24.5475,24.5475,25.3451
2020-12-09,151990,4293462,28.0,28.55,27.8,28.45,0.75,99,0.8861928762805087,24.8134,25.2122,24.6362,25.3008
2020-12-10,153924,4421090,28.55,29.0,28.55,28.6,0.15,97,0.8861928762805087,25.3008,25.3451,25.3008,25.6996
2020-12-11,28500,809375,28.7,28.7,28.1,28.25,-0.35,24,0.8861928762805087,25.4337,25.0349,24.902,25.4337
2020-12-14,25000,706350,28.1,28.5,28.1,28.5,0.25,19,0.8861928762805087,24.902,25.2565,24.902,25.2565
2020-12-15,41666,1177012,28.45,28.5,27.9,27.95,-0.55,37,0.8861928762805087,25.2122,24.7691,24.7248,25.2565
2020-12-16,92004,2619688,28.05,28.65,28.05,28.65,0.7,77,0.8861928762805087,24.8577,25.3894,24.8577,25.3894
2020-12-17,45712,1305069,28.6,28.7,28.4,28.6,-0.05,37,0.8861928762805087,25.3451,25.3451,25.1679,25.4337
2020-12-18,49415,1409323,28.55,28.6,28.35,28.4,-0.2,43,0.8861928762805087,25.3008,25.1679,25.1236,25.3451
2020-12-21,80930,2312104,28.05,28.9,28.05,28.9,0.5,47,0.8861928762805087,24.8577,25.611,24.8577,25.611
2020-12-22,96600,2766050,28.7,28.9,28.4,28.5,-0.4,60,0.8861928762805087,25.4337,25.2565,25.1679,25.611
2020-12-23,17400,495440,28.55,28.55,28.35,28.45,-0.05,17,0.8861928762805087,25.3008,25.2122,25.1236,25.3008
2020-12-24,44458,1257236,28.5,28.7,28.15,28.25,-0.2,37,0.8861928762805087,25.2565,25.0349,24.9463,25.4337
2020-12-25,8903,251666,28.35,28.45,28.2,28.45,0.2,13,0.8861928762805087,25.1236,25.2122,24.9906,25.2122
2020-12-28,35097,997543,28.2,28.5,28.15,28.45,0.0,38,0.8861928762805087,24.9906,25.2122,24.9463,25.2565
2020-12-29,25717,734310,28.7,28.7,28.45,28.55,0.1,32,0.8861928762805087,25.4337,25.3008,25.2122,25.4337
2020-12-30,44452,1264438,28.6,28.6,28.2,28.3,-0.25,28,0.8861928762805087,25.3451,25.0793,24.9906,25.3451
2020-12-31,142445,4075160,28.55,28.75,28.45,28.45,0.15,83,0.8861928762805087,25.3008,25.2122,25.2122,25.478
2021-01-04,48832,1393544,28.5,28.75,28.35,28.65,0.2,40,0.8861928762805087,25.2565,25.3894,25.1236,25.478
2021-01-05,38438,1091886,28.65,28.9,28.25,28.25,-0.4,37,0.8861928762805087,25.3894,25.0349,25.0349,25.611
2021-01-06,35015,980164,28.05,28.25,27.7,27.9,-0.35,30,0.8861928762805087,24.8577,24.7248,24.5475,25.0349
2021-01-07,83082,2353554,27.9,28.6,27.9,28.5,0.6,68,0.8861928762805087,24.7248,25.2565,24.7248,25.3451
2021-01-08,31649,887055,28.15,28.3,27.8,27.8,-0.7,37,0.8861928762805087,24.9463,24.6362,24.6362,25.0793
2021-01-11,30604,854562,27.65,28.15,27.65,27.9,0.1,33,0.8861928762805087,24.5032,24.7248,24.5032,24.9463
2021-01-12,57044,1580312,27.65,27.9,27.2,27.75,-0.15,45,0.8861928762805087,24.5032,24.5919,24.1044,24.7248
2021-01-13,59754,1669626,27.75,28.2,27.7,28.1,0.35,61,0.8861928762805087,24.5919,24.902,24.5475,24.9906
2021-01-14,17662,495883,28.3,28.3,27.8,27.8,-0.3,16,0.8861928762805087,25.0793,24.6362,24.6362,25.0793
2021-01-15,12498,347404,27.65,28.3,27.65,28.3,0.5,20,0.8861928762805087,24.5032,25.0793,24.5032,25.0793
2021-01-18,9818,275528,28.05,28.2,28.05,28.05,-0.25,14,0.8861928762805087,24.8577,24.8577,24.8577,24.9906
2021-01-19,76946,2161092,27.9,28.3,27.9,28.1,0.05,52,0.8861928762805087,24.7248,24.902,24.7248,25.0793
2021-01-20,117776,3185702,27.55,27.55,26.65,26.75,-1.35,98,0.8861928762805087,24.4146,23.7057,23.617,24.4146
2021-01-21,42924,1167289,27.1,27.5,26.8,26.9,0.15,45,0.8861928762805087,24.0158,23.8386,23.75,24.3703
2021-01-22,93457,2524170,27.4,27.4,26.55,26.85,-0.05,80,0.8861928762805087,24.2817,23.7943,23.5284,24.2817
2021-01-25,15024,405041,27.0,27.1,26.85,26.95,0.1,16,0.8861928762805087,23.9272,23.8829,23.7943,24.0158
2021-01-26,87455,2306074,27.0,27.0,26.15,26.3,-0.65,52,0.8861928762805087,23.9272,23.3069,23.1739,23.9272
2021-01-27,40182,1074670,26.6,27.2,26.6,26.65,0.35,39,0.8861928762805087,23.5727,23.617,23.5727,24.1044
2021-01-28,46762,1233378,26.65,26.9,25.85,26.45,-0.2,29,0.8861928762805087,23.617,23.4398,22.9081,23.8386
2021-01-29,191003,4972326,26.15,26.45,25.7,25.7,-0.75,131,0.8861928762805087,23.1739,22.7752,22.7752,23.4398
2021-02-01,97341,2549801,25.7,26.5,25.7,26.35,0.65,70,0.8861928762805087,22.7752,23.3512,22.7752,23.4841
2021-02-02,91422,2428609,26.0,26.95,26.0,26.95,0.6,70,0.8861928762805087,23.041,23.8829,23.041,23.8829
2021-02-03,85761,2314779,26.9,27.3,26.8,27.1,0.15,51,0.8861928762805087,23.8386,24.0158,23.75,24.1931
2021-02-04,67434,1818322,26.6,27.4,26.6,27.0,-0.1,56,0.8861928762805087,23.5727,23.9272,23.5727,24.2817
2021-02-05,122003,3244128,26.65,26.8,26.4,26.4,-0.6,92,0.8861928762805087,23.617,23.3955,23.3955,23.75
2021-02-17,124998,3388739,26.95,27.9,26.6,27.4,1.0,103,0.8861928762805087,23.8829,24.2817,23.5727,24.7248
2021-02-18,57202,1571043,27.2,27.65,27.2,27.55,0.15,54,0.8861928762805087,24.1044,24.4146,24.1044,24.5032
2021-02-19,165608,4437699,26.8,27.1,26.55,26.8,-0.75,92,0.8861928762805087,23.75,23.75,23.5284,24.0158
2021-02-22,115605,3101636,27.1,27.45,26.6,27.05,0.25,91,0.8861928762805087,24.0158,23.9715,23.5727,24.326
2021-02-23,260915,7241607,27.3,28.1,27.3,27.7,0.65,156,0.8861928762805087,24.1931,24.5475,24.1931,24.902
2021-02-24,73312,2014767,27.7,27.75,27.15,27.6,-0.1,57,0.8861928762805087,24.5475,24.4589,24.0601,24.5919
2021-02-25,67139,1831752,27.4,27.6,27.15,27.25,-0.35,52,0.8861928762805087,24.2817,24.1488,24.0601,24.4589
2021-02-26,122488,3315152,27.6,27.6,26.8,26.9,-0.35,93,0.8861928762805087,24.4589,23.8386,23.75,24.4589
2021-03-02,91382,2468262,26.9,27.2,26.85,26.85,-0.05,74,0.8861928762805087,23.8386,23.7943,23.7943,24.1044
2021-03-03,102238,2753390,26.85,27.05,26.8,26.8,-0.05,69,0.8861928762805087,23.7943,23.75,23.75,23.9715
2021-03-04,101012,2690216,26.75,27.0,26.4,26.5,-0.3,80,0.8861928762805087,23.7057,23.4841,23.3955,23.9272
2021-03-05,54000,1433900,26.5,26.7,26.45,26.45,-0.05,40,0.8861928762805087,23.4841,23.4398,23.4398,23.6613
2021-03-08,65120,1739197,26.8,26.8,26.5,26.8,0.35,45,0.8861928762805087,23.75,23.75,23.4841,23.75
2021-03-09,301200,8174179,27.0,27.95,26.95,27.15,0.35,91,0.8861928762805087,23.9272,24.0601,23.8829,24.7691
2021-03-10,67103,1816690,27.15,27.2,26.7,27.1,-0.05,45,0.8861928762805087,24.0601,24.0158,23.6613,24.1044
2021-03-11,87862,2385344,27.2,27.25,27.05,27.05,-0.05,55,0.8861928762805087,24.1044,23.9715,23.9715,24.1488
2021-03-12,42658,1142252,27.1,27.1,26.65,26.65,-0.4,37,0.8861928762805087,24.0158,23.617,23.617,24.0158
2021-03-15,68609,1825126,26.65,26.75,26.4,26.55,-0.1,51,0.8861928762805087,23.617,23.5284,23.3955,23.7057
2021-03-16,108004,2880656,26.75,27.1,26.55,26.7,0.15,73,0.8861928762805087,23.7057,23.6613,23.5284,24.0158
2021-03-17,35452,947302,26.6,26.9,26.6,26.7,0.0,36,0.8861928762805087,23.5727,23.6613,23.5727,23.8386
2021-03-18,86548,2327507,26.9,27.2,26.8,26.9,0.2,56,0.8861928762805087,23.8386,23.8386,23.75,24.1044
2021-03-19,84003,2252079,26.9,27.0,26.6,26.6,-0.3,62,0.8861928762805087,23.8386,23.5727,23.5727,23.9272
2021-03-22,43240,1149120,26.6,26.85,26.35,26.7,0.1,32,0.8861928762805087,23.5727,23.6613,23.3512,23.7943
2021-03-23,24020,640236,26.65,26.9,26.55,26.55,-0.15,22,0.8861928762805087,23.617,23.5284,23.5284,23.8386
2021-03-24,25127,668221,26.65,26.7,26.55,26.55,0.0,21,0.8861928762805087,23.617,23.5284,23.5284,23.6613
2021-03-25,65500,1749433,26.9,26.9,26.5,26.7,0.15,52,0.8861928762805087,23.8386,23.6613,23.4841,23.8386
2021-03-26,61224,1639779,26.9,26.9,26.75,26.85,0.15,44,0.8861928762805087,23.8386,23.7943,23.7057,23.8386
2021-03-29,135814,3600001,26.7,26.7,26.3,26.45,-0.4,67,0.8861928762805087,23.6613,23.4398,23.3069,23.6613
2021-03-30,51384,1374099,26.75,27.15,26.3,26.75,0.3,51,0.8861928762805087,23.7057,23.7057,23.3069,24.0601
2021-03-31,113855,3061124,26.9,27.05,26.6,26.7,-0.05,62,0.8861928762805087,23.8386,23.6613,23.5727,23.9715
2021-04-01,105504,2793054,26.65,26.65,26.35,26.45,-0.25,67,0.8861928762805087,23.617,23.4398,23.3512,23.617
2021-04-06,123811,3292373,26.5,26.8,26.5,26.55,0.1,99,0.8861928762805087,23.4841,23.5284,23.4841,23.75
2021-04-07,182415,4789168,26.45,26.7,26.0,26.2,-0.35,110,0.8861928762805087,23.4398,23.2183,23.041,23.6613
2021-04-08,196785,5140588,26.2,26.3,26.05,26.05,-0.15,122,0.8861928762805087,23.2183,23.0853,23.0853,23.3069
2021-04-09,175593,4638423,26.45,26.5,26.3,26.3,0.25,103,0.8861928762805087,23.4398,23.3069,23.3069,23.4841
2021-04-12,129290,3405466,26.2,26.55,26.15,26.45,0.15,92,0.8861928762805087,23.2183,23.4398,23.1739,23.5284
2021-04-13,108759,2877851,26.55,26.6,26.3,26.3,-0.15,81,0.8861928762805087,23.5284,23.3069,23.3069,23.5727
2021-04-14,320877,8367094,26.15,26.5,26.0,26.1,-0.2,101,0.8861928762805087,23.1739,23.1296,23.041,23.4841
2021-04-15,147228,3894356,26.4,26.6,26.35,26.5,0.4,92,0.8861928762805087,23.3955,23.4841,23.3512,23.5727
2021-04-16,173212,4606673,26.35,26.9,26.3,26.9,0.4,107,0.8861928762805087,23.3512,23.8386,23.3069,23.8386
2021-04-19,909875,25195318,26.95,28.3,26.9,28.3,1.4,421,0.8861928762805087,23.8829,25.0793,23.8386,25.0793
2021-04-20,631509,17714478,28.6,28.6,27.35,28.2,-0.1,239,0.8861928762805087,25.3451,24.9906,24.2374,25.3451
2021-04-21,585103,16470614,28.2,28.55,28.0,28.45,0.25,206,0.8861928762805087,24.9906,25.2122,24.8134,25.3008
2021-04-22,1642422,49494695,28.5,31.2,28.4,28.85,0.4,773,0.8861928762805087,25.2565,25.5667,25.1679,27.6492
2021-04-23,2410847,72775338,28.85,31.7,28.5,31.7,2.85,555,0.8861928762805087,25.5667,28.0923,25.2565,28.0923
2021-04-26,2640284,86388838,32.2,33.3,31.85,32.6,0.9,1142,0.8861928762805087,28.5354,28.8899,28.2252,29.5102
2021-04-27,1150798,37409552,32.3,33.1,31.65,32.0,-0.6,554,0.8861928762805087,28.624,28.3582,28.048,29.333
2021-04-28,2480666,84069487,32.1,34.5,32.1,34.5,2.5,1209,0.8861928762805087,28.4468,30.5737,28.4468,30.5737
2021-04-29,2901178,101267808,35.25,35.9,33.1,35.65,1.15,1331,0.8861928762805087,31.2383,31.5928,29.333,31.8143
2021-05-03,7627644,297573671,37.3,39.2,37.3,39.2,3.55,2197,0.8861928762805087,33.055,34.7388,33.055,34.7388
2021-05-04,5513971,204492035,38.85,38.85,35.3,36.85,-2.35,2915,0.8861928762805087,34.4286,32.6562,31.2826,34.4286
2021-05-05,9425698,371093110,36.3,40.5,35.85,40.05,3.2,4122,0.8861928762805087,32.1688,35.492,31.77,35.8908
2021-05-06,8398899,334078946,39.3,41.75,37.15,38.1,-1.95,4342,0.8861928762805087,34.8274,33.7639,32.9221,36.9986
2021-05-07,5891527,223736050,38.15,38.8,36.65,38.75,0.65,2209,0.8861928762805087,33.8083,34.34,32.479,34.3843
2021-05-10,8118505,331992416,39.2,42.5,38.6,41.25,2.5,3603,0.8861928762805087,34.7388,36.5555,34.207,37.6632
2021-05-11,5252733,201294918,39.5,40.35,37.15,37.15,-4.1,2614,0.8861928762805087,35.0046,32.9221,32.9221,35.7579
2021-05-12,2696302,91559884,36.6,36.6,33.45,33.45,-3.7,1268,0.8861928762805087,32.4347,29.6432,29.6432,32.4347
2021-05-13,3002479,92368973,30.5,31.8,30.15,30.15,-3.3,1213,0.8861928762805087,27.0289,26.7187,26.7187,28.1809
2021-05-14,2377652,70001329,31.25,31.55,27.6,28.95,-1.2,1076,0.8861928762805087,27.6935,25.6553,24.4589,27.9594
2021-05-17,1778743,48728680,26.5,28.95,26.2,27.6,-1.35,852,0.8861928762805087,23.4841,24.4589,23.2183,25.6553
2021-05-18,2600858,77182684,28.75,30.35,28.0,30.2,2.6,1007,0.8861928762805087,25.478,26.763,24.8134,26.896
2021-05-19,2031954,63569163,31.0,32.4,30.45,30.85,0.65,990,0.8861928762805087,27.472,27.3391,26.9846,28.7126
2021-05-20,660154,19578488,30.5,31.0,29.05,29.1,-1.75,393,0.8861928762805087,27.0289,25.7882,25.7439,27.472
2021-05-21,975210,28623791,29.9,30.5,28.5,29.4,0.3,442,0.8861928762805087,26.4972,26.0541,25.2565,27.0289
2021-05-24,1287658,38459640,29.5,30.45,29.1,29.65,0.25,563,0.8861928762805087,26.1427,26.2756,25.7882,26.9846
2021-05-25,874000,25928850,29.7,30.2,29.2,29.6,-0.05,431,0.8861928762805087,26.3199,26.2313,25.8768,26.763
2021-05-26,931640,27835773,29.6,30.4,29.2,30.05,0.45,365,0.8861928762805087,26.2313,26.6301,25.8768,26.9403
2021-05-27,850002,25396409,30.3,30.4,29.3,29.3,-0.75,405,0.8861928762805087,26.8516,25.9655,25.9655,26.9403
2021-05-28,2342960,71198608,29.9,30.9,29.85,30.0,0.7,1029,0.8861928762805087,26.4972,26.5858,26.4529,27.3834
2021-05-31,2894585,89808447,30.3,31.7,30.25,30.8,0.8,1292,0.8861928762805087,26.8516,27.2947,26.8073,28.0923
2021-06-01,1043646,31999652,31.1,31.2,30.15,31.2,0.4,547,0.8861928762805087,27.5606,27.6492,26.7187,27.6492
2021-06-02,1734748,53509306,31.3,31.65,30.1,30.15,-1.05,937,0.8861928762805087,27.7378,26.7187,26.6744,28.048
2021-06-03,1308242,40355779,30.45,31.2,30.35,30.85,0.7,629,0.8861928762805087,26.9846,27.3391,26.896,27.6492
2021-06-04,7308497,242135526,31.2,33.9,30.85,32.05,1.2,2842,0.8861928762805087,27.6492,28.4025,27.3391,30.0419
2021-06-07,8447020,287584414,32.4,35.25,32.4,35.25,3.2,4238,0.8861928762805087,28.7126,31.2383,28.7126,31.2383
2021-06-08,3633212,121043078,34.1,34.25,32.5,33.5,-1.75,2045,0.8861928762805087,30.2192,29.6875,28.8013,30.3521
2021-06-09,2903462,93608252,33.0,33.05,31.75,32.25,-1.25,1512,0.8861928762805087,29.2444,28.5797,28.1366,29.2887
2021-06-10,1792819,57580929,32.6,32.85,31.2,31.7,-0.55,999,0.8861928762805087,28.8899,28.0923,27.6492,29.1114
2021-06-11,756185,23852026,32.05,32.1,31.15,31.15,-0.55,441,0.8861928762805087,28.4025,27.6049,27.6049,28.4468
2021-06-15,1161131,35583142,31.15,31.15,30.3,30.9,-0.25,687,0.8861928762805087,27.6049,27.3834,26.8516,27.6049
2021-06-16,913918,28242892,30.9,31.4,30.45,30.5,-0.4,529,0.8861928762805087,27.3834,27.0289,26.9846,27.8265
2021-06-17,670695,20339517,30.0,30.85,30.0,30.8,0.3,369,0.8861928762805087,26.5858,27.2947,26.5858,27.3391
2021-06-18,1025118,31577672,30.8,31.15,30.4,30.4,-0.4,588,0.8861928762805087,27.2947,26.9403,26.9403,27.6049
2021-06-21,1205572,34880236,29.85,29.95,28.55,28.55,-1.85,684,0.8861928762805087,26.4529,25.3008,25.3008,26.5415
2021-06-22,1345338,39600245,28.7,30.1,28.7,29.3,0.75,668,0.8861928762805087,25.4337,25.9655,25.4337,26.6744
2021-06-23,397809,11778601,30.0,30.0,29.35,29.4,0.1,256,0.8861928762805087,26.5858,26.0541,26.0098,26.5858
2021-06-24,386656,11422344,29.45,30.0,29.1,29.6,0.2,243,0.8861928762805087,26.0984,26.2313,25.7882,26.5858
2021-06-25,842712,25289572,29.9,30.3,29.75,29.8,0.2,373,0.8861928762805087,26.4972,26.4085,26.3642,26.8516
2021-06-28,1787615,54288713,30.3,31.15,29.2,31.0,1.2,805,0.8861928762805087,26.8516,27.472,25.8768,27.6049
2021-06-29,3320040,105369223,31.4,32.5,30.7,31.7,0.7,1516,0.8861928762805087,27.8265,28.0923,27.2061,28.8013
2021-06-30,1914553,59821186,31.75,32.0,30.8,31.0,-0.7,996,0.8861928762805087,28.1366,27.472,27.2947,28.3582
2021-07-01,922930,28380772,31.2,31.55,30.1,30.1,-0.9,506,0.8861928762805087,27.6492,26.6744,26.6744,27.9594
2021-07-02,663205,20008223,30.1,30.65,29.8,30.25,0.15,413,0.8861928762805087,26.6744,26.8073,26.4085,27.1618
2021-07-05,656444,19946193,30.25,30.7,30.2,30.3,0.05,307,0.8861928762805087,26.8073,26.8516,26.763,27.2061
2021-07-06,926004,28041820,30.4,30.8,29.95,30.1,-0.2,409,0.8861928762805087,26.9403,26.6744,26.5415,27.2947
2021-07-07,1063910,31675397,30.0,30.45,28.75,29.05,-1.05,519,0.8861928762805087,26.5858,25.7439,25.478,26.9846
2021-07-08,396330,11613105,29.25,29.55,29.1,29.1,0.05,267,0.8861928762805087,25.9211,25.7882,25.7882,26.187
2021-07-09,1385153,41427093,29.4,30.75,29.3,29.4,0.3,689,0.8861928762805087,26.0541,26.0541,25.9655,27.2504
2021-07-12,554044,16228632,29.75,29.8,28.9,29.0,-0.4,339,0.8861928762805087,26.3642,25.6996,25.611,26.4085
2021-07-13,1125312,31948116,29.25,29.25,27.5,27.6,-1.4,575,0.8861928762805087,25.9211,24.4589,24.3703,25.9211
2021-07-14,400900,11012751,28.1,28.1,27.2,27.45,-0.15,250,0.8861928762805087,24.902,24.326,24.1044,24.902
2021-07-15,2753694,81564370,27.5,30.15,27.5,30.1,2.65,933,0.8861928762805087,24.3703,26.6744,24.3703,26.7187
2021-07-16,1517284,45142824,29.8,30.4,28.8,30.4,0.3,686,0.8861928762805087,26.4085,26.9403,25.5224,26.9403
2021-07-19,1029436,31588446,30.35,31.05,29.9,30.4,0.0,486,0.8861928762805087,26.896,26.9403,26.4972,27.5163
2021-07-20,742569,22283967,30.35,30.5,29.55,29.6,-0.8,394,0.8861928762805087,26.896,26.2313,26.187,27.0289
2021-07-21,1115888,33784573,30.0,30.8,29.45,29.65,0.05,492,0.8861928762805087,26.5858,26.2756,26.0984,27.2947
2021-07-22,361469,10747195,29.8,30.2,29.3,29.5,-0.15,237,0.8861928762805087,26.4085,26.1427,25.9655,26.763
2021-07-23,2897291,89282529,29.6,31.5,29.5,30.7,1.2,1160,0.8861928762805087,26.2313,27.2061,26.1427,27.9151
2021-07-26,806957,24613298,30.55,30.7,30.1,30.4,-0.3,362,0.8861928762805087,27.0732,26.9403,26.6744,27.2061
2021-07-27,1525099,47062939,30.35,31.6,30.0,30.4,0.0,658,0.8861928762805087,26.896,26.9403,26.5858,28.0037
2021-07-28,1001612,29185620,30.25,30.5,28.05,28.55,-1.85,541,0.8861928762805087,26.8073,25.3008,24.8577,27.0289
2021-07-29,654060,19312044,28.55,30.1,28.55,30.1,1.55,304,0.8861928762805087,25.3008,26.6744,25.3008,26.6744
2021-07-30,442817,12976230,30.15,30.3,28.7,28.85,-1.25,259,0.8861928762805087,26.7187,25.5667,25.4337,26.8516
2021-08-02,692151,19741072,29.1,29.2,28.3,28.6,-0.25,333,0.8861928762805087,25.7882,25.3451,25.0793,25.8768
2021-08-03,916481,27073946,28.8,30.25,28.75,28.8,0.2,424,0.8861928762805087,25.5224,25.5224,25.478,26.8073
2021-08-04,223427,6474619,28.85,29.3,28.6,29.25,0.45,165,0.8861928762805087,25.5667,25.9211,25.3451,25.9655
2021-08-05,125489,3614125,29.1,29.1,28.65,28.7,-0.55,111,0.8861928762805087,25.7882,25.4337,25.3894,25.7882
2021-08-06,233209,6646799,29.0,29.0,28.35,28.35,-0.35,191,0.8861928762805087,25.6996,25.1236,25.1236,25.6996
2021-08-09,547991,15432329,28.4,28.65,27.75,28.4,0.05,321,0.8861928762805087,25.1679,25.1679,24.5919,25.3894
2021-08-10,350645,9736264,28.7,28.7,27.5,27.65,-0.75,209,0.8861928762805087,25.4337,24.5032,24.3703,25.4337
2021-08-11,448159,12185637,27.9,28.0,26.6,26.8,-0.85,217,0.8861928762805087,24.7248,23.75,23.5727,24.8134
2021-08-12,327221,8804938,27.45,27.45,26.6,26.95,0.15,161,0.8861928762805087,24.326,23.8829,23.5727,24.326
2021-08-13,276011,7416525,26.95,27.25,26.45,26.85,-0.1,172,0.8861928762805087,23.8829,23.7943,23.4398,24.1488
2021-08-16,369795,9664663,26.9,26.9,25.8,25.9,-0.95,212,0.8861928762805087,23.8386,22.9524,22.8638,23.8386
2021-08-17,442166,11679803,26.1,26.8,26.0,26.1,0.2,228,0.8861928762805087,23.1296,23.1296,23.041,23.75
2021-08-18,1771325,49553276,26.0,28.7,25.8,28.7,2.6,534,0.8861928762805087,23.041,25.4337,22.8638,25.4337
2021-08-19,513274,14295179,28.6,28.6,27.1,27.25,-1.45,287,0.8861928762805087,25.3451,24.1488,24.0158,25.3451
2021-08-20,411328,11136824,27.85,27.85,26.7,26.9,-0.35,199,0.8861928762805087,24.6805,23.8386,23.6613,24.6805
2021-08-23,506360,14105522,27.05,28.2,27.05,27.65,0.75,224,0.8861928762805087,23.9715,24.5032,23.9715,24.9906
2021-08-24,480809,13696290,28.0,28.85,27.9,28.1,0.45,279,0.8861928762805087,24.8134,24.902,24.7248,25.5667
2021-08-25,148221,4149621,28.1,28.25,27.8,28.05,-0.05,107,0.8861928762805087,24.902,24.8577,24.6362,25.0349
2021-08-26,454816,12335025,28.0,28.0,26.85,26.85,-1.2,321,0.8861928762805087,24.8134,23.7943,23.7943,24.8134
2021-08-27,198068,5364924,27.05,27.3,26.85,27.25,0.4,150,0.8861928762805087,23.9715,24.1488,23.7943,24.1931
2021-08-30,123079,3283166,26.75,26.9,26.55,26.65,0.0,95,0.9027572291081817,24.1488,24.0585,23.9682,24.2842
2021-08-31,294204,7740264,26.8,26.8,26.1,26.45,-0.2,159,0.9027572291081817,24.1939,23.8779,23.562,24.1939
2021-09-01,126120,3366341,26.5,26.95,26.5,26.55,0.1,91,0.9027572291081817,23.9231,23.9682,23.9231,24.3293
2021-09-02,129561,3401622,26.95,26.95,26.15,26.25,-0.3,83,0.9027572291081817,24.3293,23.6974,23.6071,24.3293
2021-09-03,108000,2844850,26.3,26.4,26.3,26.4,0.15,73,0.9027572291081817,23.7425,23.8328,23.7425,23.8328
2021-09-06,112157,2943076,26.85,26.85,26.1,26.1,-0.3,81,0.9027572291081817,24.239,23.562,23.562,24.239
2021-09-07,297039,7780972,26.5,26.75,25.95,26.0,-0.1,184,0.9027572291081817,23.9231,23.4717,23.4266,24.1488
2021-09-08,1140448,30137189,26.0,26.15,25.7,25.7,-0.3,108,0.9027572291081817,23.4717,23.2009,23.2009,23.6071
2021-09-09,184208,4732399,26.0,26.0,25.4,25.75,0.05,130,0.9027572291081817,23.4717,23.246,22.93,23.4717
2021-09-10,79099,2060842,25.9,26.3,25.9,26.1,0.35,54,0.9027572291081817,23.3814,23.562,23.3814,23.7425
2021-09-13,167122,4414610,26.6,26.6,26.2,26.45,0.35,127,0.9027572291081817,24.0133,23.8779,23.6522,24.0133
2021-09-14,76470,2013066,26.4,26.5,26.25,26.25,-0.2,65,0.9027572291081817,23.8328,23.6974,23.6974,23.9231
2021-09-15,108288,2829904,26.4,26.4,26.0,26.1,-0.15,73,0.9027572291081817,23.8328,23.562,23.4717,23.8328
2021-09-16,75049,1961692,26.1,26.5,26.05,26.2,0.1,56,0.9027572291081817,23.562,23.6522,23.5168,23.9231
2021-09-17,117363,3055242,26.8,26.8,25.9,26.05,-0.15,75,0.9027572291081817,24.1939,23.5168,23.3814,24.1939
2021-09-22,214763,5513773,25.8,25.95,25.35,25.85,-0.2,135,0.9027572291081817,23.2911,23.3363,22.8849,23.4266
2021-09-23,31016,806011,26.0,26.1,25.9,26.0,0.15,26,0.9027572291081817,23.4717,23.4717,23.3814,23.562
2021-09-24,133128,3481632,26.4,26.5,25.9,26.0,0.0,86,0.9027572291081817,23.8328,23.4717,23.3814,23.9231
2021-09-27,148353,3888483,26.0,26.35,26.0,26.2,0.2,115,0.9027572291081817,23.4717,23.6522,23.4717,23.7877
2021-09-28,82177,2148668,26.3,26.3,26.05,26.1,-0.1,55,0.9027572291081817,23.7425,23.562,23.5168,23.7425
2021-09-29,149771,3876132,26.0,26.05,25.75,25.9,-0.2,113,0.9027572291081817,23.4717,23.3814,23.246,23.5168
2021-09-30,220261,5784032,26.0,26.5,26.0,26.05,0.15,149,0.9027572291081817,23.4717,23.5168,23.4717,23.9231
2021-10-01,320399,8270744,26.25,26.25,25.6,25.75,-0.3,188,0.9027572291081817,23.6974,23.246,23.1106,23.6974
2021-10-04,174739,4427324,26.15,26.15,25.1,25.7,-0.05,103,0.9027572291081817,23.6071,23.2009,22.6592,23.6071
2021-10-05,236028,5939958,25.05,25.55,24.9,25.25,-0.45,127,0.9027572291081817,22.6141,22.7946,22.4787,23.0654
2021-10-06,109705,2752716,25.4,25.4,24.9,24.95,-0.3,82,0.9027572291081817,22.93,22.5238,22.4787,22.93
2021-10-07,249635,6406697,25.05,26.0,25.05,25.95,1.0,186,0.9027572291081817,22.6141,23.4266,22.6141,23.4717
2021-10-08,208981,5549379,26.2,26.95,26.2,26.65,0.7,152,0.9027572291081817,23.6522,24.0585,23.6522,24.3293
2021-10-12,97525,2554889,26.1,26.45,26.1,26.25,-0.4,86,0.9027572291081817,23.562,23.6974,23.562,23.8779
2021-10-13,92946,2402257,26.4,26.4,25.65,25.8,-0.45,78,0.9027572291081817,23.8328,23.2911,23.1557,23.8328
2021-10-14,108196,2789182,26.0,26.0,25.6,25.85,0.05,62,0.9027572291081817,23.4717,23.3363,23.1106,23.4717
2021-10-15,375036,10002800,26.2,26.95,26.2,26.6,0.75,214,0.9027572291081817,23.6522,24.0133,23.6522,24.3293
2021-10-18,459187,12531859,27.3,27.7,26.6,26.6,0.0,226,0.9027572291081817,24.6453,24.0133,24.0133,25.0064
2021-10-19,130565,3510022,27.2,27.2,26.75,27.0,0.4,93,0.9027572291081817,24.555,24.3744,24.1488,24.555
2021-10-20,214887,5751176,27.0,27.0,26.4,26.9,-0.1,127,0.9027572291081817,24.3744,24.2842,23.8328,24.3744
2021-10-21,97529,2650958,27.05,27.4,26.85,26.85,-0.05,100,0.9027572291081817,24.4196,24.239,24.239,24.7355
2021-10-22,57188,1530892,27.35,27.35,26.55,26.55,-0.3,49,0.9027572291081817,24.6904,23.9682,23.9682,24.6904
2021-10-25,82301,2203711,27.25,27.25,26.5,26.5,-0.05,63,0.9027572291081817,24.6001,23.9231,23.9231,24.6001
2021-10-26,95908,2570175,27.15,27.15,26.7,26.75,0.25,67,0.9027572291081817,24.5099,24.1488,24.1036,24.5099
2021-10-27,66000,1778300,27.2,27.4,26.8,26.8,0.05,43,0.9027572291081817,24.555,24.1939,24.1939,24.7355
2021-10-28,121632,3266423,27.25,27.25,26.7,26.9,0.1,66,0.9027572291081817,24.6001,24.2842,24.1036,24.6001
2021-10-29,128171,3452199,26.9,27.3,26.8,27.05,0.15,81,0.9027572291081817,24.2842,24.4196,24.1939,24.6453
2021-11-01,325603,9022280,27.45,28.0,27.15,28.0,0.95,253,0.9027572291081817,24.7807,25.2772,24.5099,25.2772
2021-11-02,411890,11599319,28.5,28.5,27.4,27.7,-0.3,269,0.9027572291081817,25.7286,25.0064,24.7355,25.7286
2021-11-03,274361,7663657,27.7,28.45,27.5,27.55,-0.15,204,0.9027572291081817,25.0064,24.871,24.8258,25.6834
2021-11-04,155680,4361781,27.75,28.15,27.75,27.95,0.4,134,0.9027572291081817,25.0515,25.2321,25.0515,25.4126
2021-11-05,280761,7873505,27.95,28.4,27.7,27.7,-0.25,183,0.9027572291081817,25.2321,25.0064,25.0064,25.6383
2021-11-08,85734,2414922,28.3,28.45,28.0,28.05,0.35,81,0.9027572291081817,25.548,25.3223,25.2772,25.6834
2021-11-09,61620,1712637,28.0,28.1,27.6,27.85,-0.2,59,0.9027572291081817,25.2772,25.1418,24.9161,25.3675
2021-11-10,238610,6601715,28.3,28.3,27.5,27.5,-0.35,109,0.9027572291081817,25.548,24.8258,24.8258,25.548
2021-11-11,69096,1917517,27.7,27.95,27.6,27.7,0.2,57,0.9027572291081817,25.0064,25.0064,24.9161,25.2321
2021-11-12,198196,5494878,27.9,27.95,27.6,27.7,0.0,108,0.9027572291081817,25.1869,25.0064,24.9161,25.2321
2021-11-15,84570,2344673,27.35,27.95,27.35,27.6,-0.1,54,0.9027572291081817,24.6904,24.9161,24.6904,25.2321
2021-11-16,123220,3391520,27.75,27.8,27.3,27.5,-0.1,86,0.9027572291081817,25.0515,24.8258,24.6453,25.0967
2021-11-17,161274,4466262,27.6,27.9,27.4,27.55,0.05,100,0.9027572291081817,24.9161,24.871,24.7355,25.1869
2021-11-18,125766,3458951,27.55,27.8,27.3,27.3,-0.25,80,0.9027572291081817,24.871,24.6453,24.6453,25.0967
2021-11-19,96341,2628897,27.6,27.6,27.0,27.0,-0.3,60,0.9027572291081817,24.9161,24.3744,24.3744,24.9161
2021-11-22,105197,2861969,26.85,27.5,26.85,27.15,0.15,71,0.9027572291081817,24.239,24.5099,24.239,24.8258
2021-11-23,210819,5660876,27.15,27.2,26.6,26.8,-0.35,110,0.9027572291081817,24.5099,24.1939,24.0133,24.555
2021-11-24,191983,5217327,26.6,27.45,26.3,27.35,0.55,120,0.9027572291081817,24.0133,24.6904,23.7425,24.7807
2021-11-25,118185,3181322,27.35,27.35,26.8,27.1,-0.25,81,0.9027572291081817,24.6904,24.4647,24.1939,24.6904
2021-11-26,101242,2702933,27.2,27.2,26.55,26.6,-0.5,77,0.9027572291081817,24.555,24.0133,23.9682,24.555
2021-11-29,98027,2590560,26.25,27.05,26.1,26.9,0.3,69,0.9027572291081817,23.6974,24.2842,23.562,24.4196
2021-11-30,70777,1889977,26.55,27.0,26.5,26.5,-0.4,68,0.9027572291081817,23.9682,23.9231,23.9231,24.3744
2021-12-01,160479,4236942,26.5,26.65,26.25,26.4,-0.1,107,0.9027572291081817,23.9231,23.8328,23.6974,24.0585
2021-12-02,154705,4116492,26.3,26.85,26.25,26.45,0.05,108,0.9027572291081817,23.7425,23.8779,23.6974,24.239
2021-12-03,104577,2786281,26.95,26.95,26.5,26.6,0.15,80,0.9027572291081817,24.3293,24.0133,23.9231,24.3293
2021-12-06,94271,2505631,26.6,26.85,26.4,26.65,0.05,68,0.9027572291081817,24.0133,24.0585,23.8328,24.239
2021-12-07,152050,4030972,26.45,26.8,26.35,26.6,-0.05,104,0.9027572291081817,23.8779,24.0133,23.7877,24.1939
2021-12-08,238001,6450927,26.45,27.5,26.45,26.9,0.3,135,0.9027572291081817,23.8779,24.2842,23.8779,24.8258
2021-12-09,53245,1426493,26.8,27.0,26.7,26.75,-0.15,50,0.9027572291081817,24.1939,24.1488,24.1036,24.3744
2021-12-10,140083,3765673,26.65,27.3,26.45,27.15,0.4,132,0.9027572291081817,24.0585,24.5099,23.8779,24.6453
2021-12-13,183851,4946445,27.0,27.3,26.75,26.8,-0.35,112,0.9027572291081817,24.3744,24.1939,24.1488,24.6453
2021-12-14,180602,4785526,26.6,26.7,26.4,26.45,-0.35,92,0.9027572291081817,24.0133,23.8779,23.8328,24.1036
2021-12-15,92980,2458499,26.45,26.6,26.35,26.35,-0.1,77,0.9027572291081817,23.8779,23.7877,23.7877,24.0133
2021-12-16,134094,3535937,26.85,26.85,26.3,26.35,0.0,96,0.9027572291081817,24.239,23.7877,23.7425,24.239
2021-12-17,138778,3685354,26.3,26.75,26.25,26.45,0.1,92,0.9027572291081817,23.7425,23.8779,23.6974,24.1488
2021-12-20,99900,2644496,26.45,26.6,26.35,26.5,0.05,66,0.9027572291081817,23.8779,23.9231,23.7877,24.0133
2021-12-21,128207,3424704,26.5,26.85,26.5,26.8,0.3,87,0.9027572291081817,23.9231,24.1939,23.9231,24.239
2021-12-22,62966,1682990,26.6,26.8,26.6,26.65,-0.15,65,0.9027572291081817,24.0133,24.0585,24.0133,24.1939
2021-12-23,125273,3369916,26.85,27.05,26.8,26.8,0.15,83,0.9027572291081817,24.239,24.1939,24.1939,24.4196
2021-12-24,110001,2969626,26.9,27.1,26.9,27.0,0.2,72,0.9027572291081817,24.2842,24.3744,24.2842,24.4647
2021-12-27,131286,3544349,26.9,27.1,26.85,26.95,-0.05,89,0.9027572291081817,24.2842,24.3293,24.239,24.4647
2021-12-28,66104,1779395,26.85,27.05,26.8,26.9,-0.05,45,0.9027572291081817,24.239,24.2842,24.1939,24.4196
2021-12-29,82675,2226302,27.05,27.05,26.85,26.9,0.0,69,0.9027572291081817,24.4196,24.2842,24.239,24.4196
2021-12-30,134208,3593393,26.75,26.9,26.7,26.8,-0.1,89,0.9027572291081817,24.1488,24.1939,24.1036,24.2842
2022-01-03,209790,5644694,26.9,27.1,26.8,26.9,0.1,91,0.9027572291081817,24.2842,24.2842,24.1939,24.4647
2022-01-04,108447,2922606,26.9,27.05,26.85,26.9,0.0,70,0.9027572291081817,24.2842,24.2842,24.239,24.4196
2022-01-05,69382,1866262,26.65,27.0,26.65,26.9,0.0,50,0.9027572291081817,24.0585,24.2842,24.0585,24.3744
2022-01-06,49000,1320250,26.9,27.05,26.85,26.85,-0.05,34,0.9027572291081817,24.2842,24.239,24.239,24.4196
2022-01-07,133260,3590097,27.0,27.3,26.7,26.8,-0.05,72,0.9027572291081817,24.3744,24.1939,24.1036,24.6453
2022-01-10,59224,1593080,26.85,27.15,26.7,26.85,0.05,49,0.9027572291081817,24.239,24.239,24.1036,24.5099
2022-01-11,79297,2129769,27.3,27.3,26.7,26.85,0.0,83,0.9027572291081817,24.6453,24.239,24.1036,24.6453
2022-01-12,83456,2243296,26.85,26.95,26.8,26.9,0.05,59,0.9027572291081817,24.239,24.2842,24.1939,24.3293
2022-01-13,81511,2208960,27.0,27.25,27.0,27.1,0.2,67,0.9027572291081817,24.3744,24.4647,24.3744,24.6001
2022-01-14,252421,6813962,27.0,27.45,26.35,26.5,-0.6,133,0.9027572291081817,24.3744,23.9231,23.7877,24.7807
2022-01-17,329387,8933484,26.9,27.45,26.6,27.35,0.85,169,0.9027572291081817,24.2842,24.6904,24.0133,24.7807
2022-01-18,93406,2541920,27.35,27.4,26.95,26.95,-0.4,121,0.9027572291081817,24.6904,24.3293,24.3293,24.7355
2022-01-19,24112,646618,26.95,26.95,26.75,26.8,-0.15,27,0.9027572291081817,24.3293,24.1939,24.1488,24.3293
2022-01-20,185651,5038036,26.7,27.5,26.4,27.3,0.5,115,0.9027572291081817,24.1036,24.6453,23.8328,24.8258
2022-01-21,263169,7208956,27.0,27.6,27.0,27.1,-0.2,155,0.9027572291081817,24.3744,24.4647,24.3744,24.9161
2022-01-24,58580,1568302,27.1,27.1,26.7,26.7,-0.4,40,0.9027572291081817,24.4647,24.1036,24.1036,24.4647
2022-01-25,173092,4578543,27.0,27.0,26.0,26.0,-0.7,104,0.9027572291081817,24.3744,23.4717,23.4717,24.3744
2022-01-26,186789,4890720,26.0,26.8,25.65,25.95,-0.05,140,0.9027572291081817,23.4717,23.4266,23.1557,24.1939
2022-02-07,47220,1242904,26.0,26.7,26.0,26.6,0.65,36,0.9027572291081817,23.4717,24.0133,23.4717,24.1036
2022-02-08,97768,2611326,26.35,26.8,26.35,26.75,0.15,66,0.9027572291081817,23.7877,24.1488,23.7877,24.1939
2022-02-09,45935,1225328,26.75,26.8,26.55,26.7,-0.05,49,0.9027572291081817,24.1488,24.1036,23.9682,24.1939
2022-02-10,180879,4855206,26.7,27.1,26.7,26.9,0.2,96,0.9027572291081817,24.1036,24.2842,24.1036,24.4647
2022-02-11,124120,3359296,27.0,27.3,26.95,26.95,0.05,69,0.9027572291081817,24.3744,24.3293,24.3293,24.6453
2022-02-14,107090,2889028,27.05,27.1,26.65,26.9,-0.05,61,0.9027572291081817,24.4196,24.2842,24.0585,24.4647
2022-02-15,61685,1656196,27.35,27.35,26.6,26.6,-0.3,622,0.9027572291081817,24.6904,24.0133,24.0133,24.6904
2022-02-16,95561,2553267,26.6,26.9,26.6,26.65,0.05,57,0.9027572291081817,24.0133,24.0585,24.0133,24.2842
2022-02-17,75561,2020905,26.7,26.85,26.7,26.75,0.1,52,0.9027572291081817,24.1036,24.1488,24.1036,24.239
2022-02-18,164845,4439579,26.8,27.4,26.7,26.75,0.0,107,0.9027572291081817,24.1939,24.1488,24.1036,24.7355
2022-02-21,102579,2768897,26.7,27.4,26.6,26.95,0.2,60,0.9027572291081817,24.1036,24.3293,24.0133,24.7355
2022-02-22,251381,6752279,26.8,27.3,26.5,26.95,0.0,140,0.9027572291081817,24.1939,24.3293,23.9231,24.6453
2022-02-23,189428,5136010,27.2,27.2,27.0,27.15,0.2,89,0.9027572291081817,24.555,24.5099,24.3744,24.555
2022-02-24,137060,3701470,27.1,27.15,26.8,26.8,-0.35,52,0.9027572291081817,24.4647,24.1939,24.1939,24.5099
2022-02-25,94200,2528642,27.05,27.05,26.7,26.9,0.1,137,0.9027572291081817,24.4196,24.2842,24.1036,24.4196
2022-03-01,95280,2566354,26.85,27.05,26.8,27.0,0.1,42,0.9027572291081817,24.239,24.3744,24.1939,24.4196
2022-03-02,222550,6026815,27.1,27.25,26.9,27.25,0.25,105,0.9027572291081817,24.4647,24.6001,24.2842,24.6001
2022-03-03,127000,3452400,27.25,27.25,27.15,27.2,-0.05,67,0.9027572291081817,24.6001,24.555,24.5099,24.6001
2022-03-04,1203147,33436502,27.0,28.3,27.0,28.25,1.05,583,0.9027572291081817,24.3744,25.5029,24.3744,25.548
2022-03-07,1322654,37716890,28.6,28.9,28.0,28.8,0.55,834,0.9027572291081817,25.8189,25.9994,25.2772,26.0897
2022-03-08,1978251,56457331,28.95,29.95,26.6,26.6,-2.2,1127,0.9027572291081817,26.1348,24.0133,24.0133,27.0376
2022-03-09,675333,18466090,27.0,27.75,26.6,27.35,0.75,321,0.9027572291081817,24.3744,24.6904,24.0133,25.0515
2022-03-10,511819,14368886,27.5,28.5,27.5,28.0,0.65,250,0.9027572291081817,24.8258,25.2772,24.8258,25.7286
2022-03-11,278826,7906952,27.75,28.85,27.75,28.4,0.4,154,0.9027572291081817,25.0515,25.6383,25.0515,26.0445
2022-03-14,229724,6518201,28.55,28.6,28.0,28.4,0.0,133,0.9027572291081817,25.7737,25.6383,25.2772,25.8189
2022-03-15,297876,8307847,28.4,28.4,27.5,27.85,-0.55,161,0.9027572291081817,25.6383,25.1418,24.8258,25.6383
2022-03-16,293345,8218631,27.85,28.2,27.6,28.0,0.15,128,0.9027572291081817,25.1418,25.2772,24.9161,25.4578
2022-03-17,280051,7959747,28.55,28.7,28.0,28.0,0.0,132,0.9027572291081817,25.7737,25.2772,25.2772,25.9091
2022-03-18,941242,27377868,28.25,29.5,28.1,29.5,1.5,543,0.9027572291081817,25.5029,26.6313,25.3675,26.6313
2022-03-21,596319,17604280,29.45,29.95,29.0,29.0,-0.5,436,0.9027572291081817,26.5862,26.18,26.18,27.0376
2022-03-22,213982,6166806,29.0,29.2,28.6,29.15,0.15,151,0.9027572291081817,26.18,26.3154,25.8189,26.3605
2022-03-23,233473,6834123,29.05,29.5,29.0,29.0,-0.15,157,0.9027572291081817,26.2251,26.18,26.18,26.6313
2022-03-24,160261,4646279,28.95,29.3,28.8,28.85,-0.15,127,0.9027572291081817,26.1348,26.0445,25.9994,26.4508
2022-03-25,261558,7535833,28.9,29.15,28.4,28.65,-0.2,135,0.9027572291081817,26.0897,25.864,25.6383,26.3154
2022-03-28,160812,4631706,28.3,29.1,28.3,29.1,0.45,127,0.9027572291081817,25.548,26.2702,25.548,26.2702
2022-03-29,503846,14856003,29.1,29.8,29.1,29.5,0.4,288,0.9027572291081817,26.2702,26.6313,26.2702,26.9022
2022-03-30,381221,11118716,29.5,29.55,28.9,29.2,-0.3,239,0.9027572291081817,26.6313,26.3605,26.0897,26.6765
2022-03-31,200817,5888986,29.2,29.45,28.9,29.35,0.15,98,0.9027572291081817,26.3605,26.4959,26.0897,26.5862
2022-04-01,131000,3820750,29.15,29.4,29.0,29.0,-0.35,79,0.9027572291081817,26.3154,26.18,26.18,26.5411
2022-04-06,357876,10217375,28.85,29.2,27.5,29.2,0.2,186,0.9027572291081817,26.0445,26.3605,24.8258,26.3605
2022-04-07,241704,6967035,28.95,29.2,28.6,28.6,-0.6,145,0.9027572291081817,26.1348,25.8189,25.8189,26.3605
2022-04-08,310058,8960330,28.7,29.1,28.65,28.65,0.05,152,0.9027572291081817,25.9091,25.864,25.864,26.2702
2022-04-11,333986,9440540,28.65,29.1,27.8,27.8,-0.85,231,0.9027572291081817,25.864,25.0967,25.0967,26.2702
2022-04-12,170647,4825573,27.8,28.65,27.8,28.0,0.2,101,0.9027572291081817,25.0967,25.2772,25.0967,25.864
2022-04-13,593945,17222026,28.1,29.5,28.1,29.0,1.0,295,0.9027572291081817,25.3675,26.18,25.3675,26.6313
2022-04-14,126229,3636645,29.3,29.3,28.6,28.65,-0.35,90,0.9027572291081817,26.4508,25.864,25.8189,26.4508
2022-04-15,322592,9371741,28.7,29.5,28.3,28.8,0.15,189,0.9027572291081817,25.9091,25.9994,25.548,26.6313
2022-04-18,253168,7333461,29.0,29.1,28.7,29.1,0.3,124,0.9027572291081817,26.18,26.2702,25.9091,26.2702
2022-04-19,751886,22148942,28.85,29.8,28.85,29.35,0.25,377,0.9027572291081817,26.0445,26.4959,26.0445,26.9022
2022-04-20,3708963,117245713,29.5,32.25,29.5,32.1,2.75,1996,0.9027572291081817,26.6313,28.9785,26.6313,29.1139
2022-04-21,6122107,203018632,32.2,34.8,31.3,31.75,-0.35,3421,0.9027572291081817,29.0688,28.6625,28.2563,31.416
2022-04-22,2383496,76953950,32.05,33.0,31.3,31.4,-0.35,1378,0.9027572291081817,28.9334,28.3466,28.2563,29.791
2022-04-25,1523624,44085822,30.8,30.8,28.3,28.4,-3.0,864,0.9027572291081817,27.8049,25.6383,25.548,27.8049
2022-04-26,1001175,28010117,28.45,28.7,27.15,27.3,-1.1,615,0.9027572291081817,25.6834,24.6453,24.5099,25.9091
2022-04-27,578647,15489504,25.7,27.3,25.7,27.2,-0.1,326,0.9027572291081817,23.2009,24.555,23.2009,24.6453
2022-04-28,676359,19043329,28.15,28.8,27.3,28.45,1.25,377,0.9027572291081817,25.4126,25.6834,24.6453,25.9994
2022-04-29,542932,15511129,28.65,29.4,27.5,27.5,-0.95,315,0.9027572291081817,25.864,24.8258,24.8258,26.5411
2022-05-03,521209,14470422,27.35,28.5,27.0,27.9,0.4,270,0.9027572291081817,24.6904,25.1869,24.3744,25.7286
2022-05-04,274145,7653446,28.5,28.75,27.55,27.55,-0.35,176,0.9027572291081817,25.7286,24.871,24.871,25.9543
2022-05-05,930670,26835616,28.1,29.7,28.1,28.3,0.75,516,0.9027572291081817,25.3675,25.548,25.3675,26.8119
2022-05-06,1519180,44725631,28.1,30.45,27.8,30.1,1.8,799,0.9027572291081817,25.3675,27.173,25.0967,27.489
2022-05-09,1738445,51845166,29.7,30.5,29.35,29.8,-0.3,614,0.9027572291081817,26.8119,26.9022,26.4959,27.5341
2022-05-10,1020342,30802902,29.5,30.5,29.5,30.25,0.45,572,0.9027572291081817,26.6313,27.3084,26.6313,27.5341
2022-05-11,1946632,59975306,30.4,31.35,30.1,30.55,0.3,877,0.9027572291081817,27.4438,27.5792,27.173,28.3014
2022-05-12,965420,28458166,30.8,30.8,28.2,28.5,-2.05,515,0.9027572291081817,27.8049,25.7286,25.4578,27.8049
2022-05-13,789699,22475188,28.5,28.8,28.05,28.6,0.1,348,0.9027572291081817,25.7286,25.8189,25.3223,25.9994
2022-05-16,1092587,32174374,28.65,30.0,28.65,29.9,1.3,482,0.9027572291081817,25.864,26.9924,25.864,27.0827
2022-05-17,754098,22453441,29.6,30.05,29.5,29.8,-0.1,309,0.9027572291081817,26.7216,26.9022,26.6313,27.1279
2022-05-18,1126500,34179454,30.0,30.7,29.85,30.6,0.8,432,0.9027572291081817,27.0827,27.6244,26.9473,27.7146
2022-05-19,1254921,36000620,30.05,30.05,28.1,29.0,-1.6,717,0.9027572291081817,27.1279,26.18,25.3675,27.1279
2022-05-20,1246344,37007511,29.15,30.05,28.9,29.95,0.95,548,0.9027572291081817,26.3154,27.0376,26.0897,27.1279
2022-05-23,2205254,67846078,30.35,31.25,30.25,30.65,0.7,1006,0.9027572291081817,27.3987,27.6695,27.3084,28.2112
2022-05-24,1451471,43759600,30.4,30.8,29.35,29.35,-1.3,614,0.9027572291081817,27.4438,26.4959,26.4959,27.8049
2022-05-25,757360,22680167,29.7,30.3,29.5,30.0,0.65,360,0.9027572291081817,26.8119,27.0827,26.6313,27.3535
2022-05-26,670445,20289992,30.1,30.75,30.0,30.15,0.15,425,0.9027572291081817,27.173,27.2181,27.0827,27.7598
2022-05-27,1494406,45891314,30.25,31.0,30.25,30.6,0.45,706,0.9027572291081817,27.3084,27.6244,27.3084,27.9855
2022-05-30,802945,24558213,30.5,31.0,30.05,30.3,-0.3,402,0.9027572291081817,27.5341,27.3535,27.1279,27.9855
2022-05-31,1129001,34027538,30.2,30.55,29.5,30.05,-0.25,546,0.9027572291081817,27.2633,27.1279,26.6313,27.5792
2022-06-01,507958,15170623,30.0,30.3,29.55,29.6,-0.45,305,0.9027572291081817,27.0827,26.7216,26.6765,27.3535
2022-06-02,845112,24782117,29.8,29.85,29.05,29.15,-0.45,389,0.9027572291081817,26.9022,26.3154,26.2251,26.9473
2022-06-06,1056591,29809092,28.9,28.9,27.95,28.35,-0.8,552,0.9027572291081817,26.0897,25.5932,25.2321,26.0897
2022-06-07,398614,11339791,28.35,28.7,28.25,28.4,0.05,249,0.9027572291081817,25.5932,25.6383,25.5029,25.9091
2022-06-08,517846,14941336,28.45,29.3,28.35,29.05,0.65,292,0.9027572291081817,25.6834,26.2251,25.5932,26.4508
2022-06-09,225678,6544138,29.05,29.15,28.8,29.05,0.0,150,0.9027572291081817,26.2251,26.2251,25.9994,26.3154
2022-06-10,268897,7675556,28.7,28.75,28.3,28.45,-0.6,163,0.9027572291081817,25.9091,25.6834,25.548,25.9543
2022-06-13,404311,11299756,28.1,28.15,27.75,28.05,-0.4,225,0.9027572291081817,25.3675,25.3223,25.0515,25.4126
2022-06-14,644038,18098693,28.1,28.5,27.75,28.45,0.4,329,0.9027572291081817,25.3675,25.6834,25.0515,25.7286
2022-06-15,377101,10771690,28.55,29.1,28.1,28.3,-0.15,216,0.9027572291081817,25.7737,25.548,25.3675,26.2702
2022-06-16,397549,11135881,28.2,28.4,27.4,27.4,-0.9,226,0.9027572291081817,25.4578,24.7355,24.7355,25.6383
2022-06-17,373588,10149506,27.6,27.6,26.65,27.35,-0.05,209,0.9027572291081817,24.9161,24.6904,24.0585,24.9161
2022-06-20,783708,21866173,28.2,28.4,27.6,27.8,0.45,361,0.9027572291081817,25.4578,25.0967,24.9161,25.6383
2022-06-21,1527788,43902140,27.8,29.15,27.75,29.05,1.25,628,0.9027572291081817,25.0967,26.2251,25.0515,26.3154
2022-06-22,526880,15212862,28.75,29.3,28.55,28.8,-0.25,301,0.9027572291081817,25.9543,25.9994,25.7737,26.4508
2022-06-23,398240,11513520,29.0,29.3,28.55,29.0,0.2,267,0.9027572291081817,26.18,26.18,25.7737,26.4508
2022-06-24,500000,14472800,29.0,29.2,28.6,28.9,-0.1,238,0.9027572291081817,26.18,26.0897,25.8189,26.3605
2022-06-27,196366,5657755,28.9,29.1,28.6,28.75,-0.15,116,0.9027572291081817,26.0897,25.9543,25.8189,26.2702
2022-06-28,265944,7708547,28.95,29.2,28.7,28.8,0.05,144,0.9027572291081817,26.1348,25.9994,25.9091,26.3605
2022-06-29,235454,6695484,28.8,28.8,28.15,28.15,-0.65,135,0.9027572291081817,25.9994,25.4126,25.4126,25.9994
2022-06-30,346716,9502590,28.2,28.2,27.2,27.2,-0.95,178,0.9027572291081817,25.4578,24.555,24.555,25.4578
2022-07-01,560506,14677508,27.05,27.45,25.8,25.8,-1.4,300,0.9027572291081817,24.4196,23.2911,23.2911,24.7807
2022-07-04,205809,5412189,26.3,26.6,25.7,26.5,0.7,129,0.9027572291081817,23.7425,23.9231,23.2009,24.0133
2022-07-05,218759,5873859,27.1,27.2,26.45,27.0,0.5,121,0.9027572291081817,24.4647,24.3744,23.8779,24.555
2022-07-06,145378,3848068,26.9,26.9,26.1,26.5,-0.5,98,0.9027572291081817,24.2842,23.9231,23.562,24.2842
2022-07-07,438326,11951025,26.9,27.7,26.8,27.4,0.9,222,0.9027572291081817,24.2842,24.7355,24.1939,25.0064
2022-07-08,451322,12495399,27.8,28.1,27.1,27.45,0.05,203,0.9027572291081817,25.0967,24.7807,24.4647,25.3675
2022-07-11,287110,7965317,27.5,28.1,27.45,27.55,0.1,135,0.9027572291081817,24.8258,24.871,24.7807,25.3675
2022-07-12,226010,6090866,27.25,27.3,26.6,26.6,-0.95,106,0.9027572291081817,24.6001,24.0133,24.0133,24.6453
2022-07-13,177201,4865807,27.4,27.75,27.2,27.5,0.9,96,0.9027572291081817,24.7355,24.8258,24.555,25.0515
2022-07-14,117575,3232631,27.3,27.9,26.9,27.45,-0.05,76,0.9027572291081817,24.6453,24.7807,24.2842,25.1869
2022-07-15,135112,3656129,27.8,27.8,26.85,27.05,-0.4,82,0.9027572291081817,25.0967,24.4196,24.239,25.0967
2022-07-18,215800,5801040,27.0,27.1,26.7,26.8,-0.25,109,0.9027572291081817,24.3744,24.1939,24.1036,24.4647
2022-07-19,566240,15777150,26.9,28.15,26.9,27.8,1.0,276,0.9027572291081817,24.2842,25.0967,24.2842,25.4126
2022-07-20,198100,5467020,28.1,28.1,27.0,27.3,-0.5,125,0.9027572291081817,25.3675,24.6453,24.3744,25.3675
2022-07-21,182441,5058657,27.3,28.0,27.25,28.0,0.7,109,0.9027572291081817,24.6453,25.2772,24.6001,25.2772
2022-07-22,119078,3321441,28.0,28.2,27.55,27.6,-0.4,53,0.9027572291081817,25.2772,24.9161,24.871,25.4578
2022-07-25,87620,2425529,27.9,27.9,27.5,27.7,0.1,54,0.9027572291081817,25.1869,25.0064,24.8258,25.1869
2022-07-26,231130,6377521,27.55,27.9,27.25,27.25,-0.45,96,0.9027572291081817,24.871,24.6001,24.6001,25.1869
2022-07-27,137134,3758647,27.25,27.7,27.2,27.5,0.25,91,0.9027572291081817,24.6001,24.8258,24.555,25.0064
2022-07-28,202000,5563500,27.45,27.8,27.3,27.4,-0.1,109,0.9027572291081817,24.7807,24.7355,24.6453,25.0967
2022-07-29,188038,5180740,27.5,27.7,27.45,27.5,0.1,62,0.9027572291081817,24.8258,24.8258,24.7807,25.0064
2022-08-01,141000,3907050,27.5,27.95,27.4,27.6,0.1,71,0.9027572291081817,24.8258,24.9161,24.7355,25.2321
2022-08-02,111111,3033821,27.2,27.65,27.1,27.15,-0.45,81,0.9027572291081817,24.555,24.5099,24.4647,24.9612
2022-08-03,223328,5984973,27.1,27.25,26.6,26.6,-0.55,141,0.9027572291081817,24.4647,24.0133,24.0133,24.6001
2022-08-04,291561,7691797,26.35,26.8,26.2,26.65,0.05,175,0.9027572291081817,23.7877,24.0585,23.6522,24.1939
2022-08-05,254501,6902687,26.75,27.45,26.7,27.15,0.5,142,0.9027572291081817,24.1488,24.5099,24.1036,24.7807
2022-08-08,73538,1971925,26.85,26.9,26.5,26.8,-0.35,46,0.9027572291081817,24.239,24.1939,23.9231,24.2842
2022-08-09,396462,10616259,27.0,27.3,26.4,26.4,-0.4,170,0.9027572291081817,24.3744,23.8328,23.8328,24.6453
2022-08-10,132150,3499175,26.3,26.6,26.25,26.5,0.1,75,0.9027572291081817,23.7425,23.9231,23.6974,24.0133
2022-08-11,219101,5848163,26.95,26.95,26.5,26.6,0.1,114,0.9027572291081817,24.3293,24.0133,23.9231,24.3293
2022-08-12,125104,3357087,26.7,26.95,26.7,26.8,0.2,76,0.9027572291081817,24.1036,24.1939,24.1036,24.3293
2022-08-15,299596,8064749,26.8,27.2,26.6,26.65,-0.15,153,0.9027572291081817,24.1939,24.0585,24.0133,24.555
2022-08-16,150379,4025340,26.8,26.85,26.65,26.85,0.2,77,0.9027572291081817,24.1939,24.239,24.0585,24.239
2022-08-17,139000,3747050,26.85,27.15,26.75,26.85,0.0,91,0.9027572291081817,24.239,24.239,24.1488,24.5099
2022-08-18,117497,3158511,27.0,27.0,26.75,26.75,-0.1,82,0.9027572291081817,24.3744,24.1488,24.1488,24.3744
2022-08-19,94318,2521158,26.9,26.9,26.6,26.85,0.1,75,0.9027572291081817,24.2842,24.239,24.0133,24.2842
2022-08-22,558100,15136750,26.7,27.4,26.7,26.9,0.05,170,0.9027572291081817,24.1036,24.2842,24.1036,24.7355
2022-08-23,144535,3874701,26.9,27.05,26.7,26.7,-0.2,99,0.9027572291081817,24.2842,24.1036,24.1036,24.4196
2022-08-24,126874,3408628,26.8,27.05,26.7,26.75,0.05,86,0.9027572291081817,24.1939,24.1488,24.1036,24.4196
2022-08-25,244831,6600842,27.0,27.2,26.75,26.75,0.0,129,0.9027572291081817,24.3744,24.1488,24.1488,24.555
2022-08-26,380150,10206876,26.8,27.05,26.7,26.7,-0.05,224,0.9027572291081817,24.1939,24.1036,24.1036,24.4196
2022-08-29,268357,6940261,26.05,26.05,25.5,25.8,0.0,172,0.9199854205033762,23.9656,23.7356,23.4596,23.9656
2022-08-30,102200,2661450,25.8,26.2,25.8,26.2,0.4,60,0.9199854205033762,23.7356,24.1036,23.7356,24.1036
2022-08-31,249300,6635927,26.3,26.85,26.2,26.4,0.2,170,0.9199854205033762,24.1956,24.2876,24.1036,24.7016
2022-09-01,198099,5222193,26.4,26.5,26.1,26.1,-0.3,97,0.9199854205033762,24.2876,24.0116,24.0116,24.3796
2022-09-02,94272,2489857,26.5,26.55,26.25,26.25,0.15,78,0.9199854205033762,24.3796,24.1496,24.1496,24.4256
2022-09-05,189610,4955390,26.2,26.45,25.9,25.9,-0.35,124,0.9199854205033762,24.1036,23.8276,23.8276,24.3336
2022-09-06,255502,6647384,26.3,26.5,25.65,25.65,-0.25,133,0.9199854205033762,24.1956,23.5976,23.5976,24.3796
2022-09-07,248763,6335028,25.7,25.7,25.05,25.3,-0.35,159,0.9199854205033762,23.6436,23.2756,23.0456,23.6436
2022-09-08,2151946,59268531,27.0,27.8,26.75,27.8,2.5,1081,0.9199854205033762,24.8396,25.5756,24.6096,25.5756
2022-09-12,3356319,95724498,28.65,29.35,27.35,28.45,0.65,1910,0.9199854205033762,26.3576,26.1736,25.1616,27.0016
2022-09-13,882816,25266375,28.6,29.0,28.2,28.7,0.25,561,0.9199854205033762,26.3116,26.4036,25.9436,26.6796
2022-09-14,591229,16551818,28.4,28.45,27.75,27.75,-0.95,373,0.9199854205033762,26.1276,25.5296,25.5296,26.1736
2022-09-15,717998,20302449,28.3,28.75,27.75,27.75,0.0,380,0.9199854205033762,26.0356,25.5296,25.5296,26.4496
2022-09-16,651430,18245580,28.15,28.5,27.7,27.9,0.15,326,0.9199854205033762,25.8976,25.6676,25.4836,26.2196
2022-09-19,1152283,32575926,28.15,28.85,27.75,27.75,-0.15,725,0.9199854205033762,25.8976,25.5296,25.5296,26.5416
2022-09-20,316185,8705362,27.95,27.95,27.3,27.4,-0.35,237,0.9199854205033762,25.7136,25.2076,25.1156,25.7136
2022-09-21,468561,12562116,27.6,27.6,26.45,26.45,-0.95,294,0.9199854205033762,25.3916,24.3336,24.3336,25.3916
2022-09-22,481135,12521450,25.75,26.4,25.65,26.0,-0.45,273,0.9199854205033762,23.6896,23.9196,23.5976,24.2876
2022-09-23,422816,10997685,26.45,26.45,25.7,26.0,0.0,201,0.9199854205033762,24.3336,23.9196,23.6436,24.3336
2022-09-26,560809,14336673,26.0,26.0,25.2,25.25,-0.75,257,0.9199854205033762,23.9196,23.2296,23.1836,23.9196
2022-09-27,268871,6864110,25.25,25.75,25.2,25.65,0.4,115,0.9199854205033762,23.2296,23.5976,23.1836,23.6896
2022-09-28,370154,9348141,26.0,26.0,25.05,25.05,-0.6,148,0.9199854205033762,23.9196,23.0456,23.0456,23.9196
2022-09-29,252689,6416842,25.25,25.6,25.25,25.5,0.45,140,0.9199854205033762,23.2296,23.4596,23.2296,23.5516
2022-09-30,480255,12318389,25.1,26.2,24.9,26.1,0.6,215,0.9199854205033762,23.0916,24.0116,22.9076,24.1036
2022-10-03,212071,5473797,26.2,26.2,25.6,25.65,-0.45,119,0.9199854205033762,24.1036,23.5976,23.5516,24.1036
2022-10-04,377052,9956874,26.2,26.7,26.1,26.35,0.7,186,0.9199854205033762,24.1036,24.2416,24.0116,24.5636
2022-10-05,698436,18795044,26.9,27.15,26.55,26.9,0.55,250,0.9199854205033762,24.7476,24.7476,24.4256,24.9776
2022-10-06,623181,17181531,27.5,27.95,27.15,27.7,0.8,351,0.9199854205033762,25.2996,25.4836,24.9776,25.7136
2022-10-07,877954,24601195,28.0,28.35,27.75,27.75,0.05,420,0.9199854205033762,25.7596,25.5296,25.5296,26.0816
2022-10-11,486570,12784187,26.8,26.9,25.8,26.05,-1.7,260,0.9199854205033762,24.6556,23.9656,23.7356,24.7476
2022-10-12,335523,8650518,25.8,26.25,25.5,26.05,0.0,181,0.9199854205033762,23.7356,23.9656,23.4596,24.1496
2022-10-13,503336,12883234,26.2,26.2,25.05,25.3,-0.75,225,0.9199854205033762,24.1036,23.2756,23.0456,24.1036
2022-10-14,438504,11660291,27.0,27.0,26.35,26.55,1.25,179,0.9199854205033762,24.8396,24.4256,24.2416,24.8396
2022-10-17,156467,4076627,26.4,26.4,25.85,25.9,-0.65,110,0.9199854205033762,24.2876,23.8276,23.7816,24.2876
2022-10-18,184000,4776500,26.2,26.3,25.8,25.85,-0.05,89,0.9199854205033762,24.1036,23.7816,23.7356,24.1956
2022-10-19,252165,6469267,26.2,26.2,25.2,25.2,-0.65,152,0.9199854205033762,24.1036,23.1836,23.1836,24.1036
2022-10-20,310101,7756675,25.15,25.2,24.85,25.1,-0.1,127,0.9199854205033762,23.1376,23.0916,22.8616,23.1836
2022-10-21,252040,6245434,25.1,25.1,24.65,24.7,-0.4,134,0.9199854205033762,23.0916,22.7236,22.6776,23.0916
2022-10-24,336085,8593550,25.2,25.8,25.2,25.4,0.7,126,0.9199854205033762,23.1836,23.3676,23.1836,23.7356
2022-10-25,70190,1776987,25.6,25.6,25.05,25.1,-0.3,55,0.9199854205033762,23.5516,23.0916,23.0456,23.5516
2022-10-26,198200,5075570,26.0,26.0,25.2,25.2,0.1,123,0.9199854205033762,23.9196,23.1836,23.1836,23.9196
2022-10-27,145100,3697220,25.2,25.7,25.2,25.55,0.35,83,0.9199854205033762,23.1836,23.5056,23.1836,23.6436
2022-10-28,167412,4222579,25.35,25.55,25.05,25.05,-0.5,87,0.9199854205033762,23.3216,23.0456,23.0456,23.5056
2022-10-31,185022,4664052,25.2,25.45,25.1,25.1,0.05,72,0.9199854205033762,23.1836,23.0916,23.0916,23.4136
2022-11-01,305000,7756600,25.15,25.7,25.1,25.55,0.45,106,0.9199854205033762,23.1376,23.5056,23.0916,23.6436
2022-11-02,207988,5371285,25.55,26.0,25.55,25.75,0.2,115,0.9199854205033762,23.5056,23.6896,23.5056,23.9196
2022-11-03,86117,2207027,25.6,25.8,25.4,25.55,-0.2,57,0.9199854205033762,23.5516,23.5056,23.3676,23.7356
2022-11-04,132560,3368374,25.45,25.8,25.25,25.65,0.1,66,0.9199854205033762,23.4136,23.5976,23.2296,23.7356
2022-11-07,513996,13349841,25.55,26.4,25.5,26.15,0.5,210,0.9199854205033762,23.5056,24.0576,23.4596,24.2876
2022-11-08,382927,10011732,26.4,26.45,25.8,25.95,-0.2,140,0.9199854205033762,24.2876,23.8736,23.7356,24.3336
2022-11-09,471313,12300812,25.95,26.3,25.6,26.2,0.25,191,0.9199854205033762,23.8736,24.1036,23.5516,24.1956
2022-11-10,144000,3747850,25.95,26.3,25.85,26.15,-0.05,79,0.9199854205033762,23.8736,24.0576,23.7816,24.1956
2022-11-11,241502,6440718,26.8,27.0,25.95,25.95,-0.2,102,0.9199854205033762,24.6556,23.8736,23.8736,24.8396
2022-11-14,338495,8985065,26.2,26.9,26.0,26.55,0.6,186,0.9199854205033762,24.1036,24.4256,23.9196,24.7476
2022-11-15,910175,24829883,26.85,27.65,26.8,27.15,0.6,445,0.9199854205033762,24.7016,24.9776,24.6556,25.4376
2022-11-16,348005,9332180,27.8,27.8,26.4,26.4,-0.75,195,0.9199854205033762,25.5756,24.2876,24.2876,25.5756
2022-11-17,238026,6287580,26.3,26.6,26.25,26.3,-0.1,110,0.9199854205033762,24.1956,24.1956,24.1496,24.4716
2022-11-18,291056,7667017,26.6,26.85,26.1,26.1,-0.2,140,0.9199854205033762,24.4716,24.0116,24.0116,24.7016
2022-11-21,175006,4610409,26.15,26.6,26.1,26.4,0.3,94,0.9199854205033762,24.0576,24.2876,24.0116,24.4716
2022-11-22,287566,7618464,26.25,26.7,26.2,26.4,0.0,118,0.9199854205033762,24.1496,24.2876,24.1036,24.5636
2022-11-23,142089,3765641,26.5,26.8,26.4,26.4,0.0,91,0.9199854205033762,24.3796,24.2876,24.2876,24.6556
2022-11-24,347000,9233150,26.5,26.75,26.45,26.5,0.1,165,0.9199854205033762,24.3796,24.3796,24.3336,24.6096
2022-11-25,311205,8366467,26.7,27.35,26.65,26.65,0.15,147,0.9199854205033762,24.5636,24.5176,24.5176,25.1616
2022-11-28,191693,5129864,26.7,27.0,26.65,26.65,0.0,88,0.9199854205033762,24.5636,24.5176,24.5176,24.8396
2022-11-29,292900,7893294,26.7,27.3,26.65,27.1,0.45,156,0.9199854205033762,24.5636,24.9316,24.5176,25.1156
2022-11-30,663132,18238862,27.3,27.8,27.2,27.35,0.25,272,0.9199854205033762,25.1156,25.1616,25.0236,25.5756
2022-12-01,306778,8325630,27.2,27.4,26.95,26.95,-0.4,210,0.9199854205033762,25.0236,24.7936,24.7936,25.2076
2022-12-02,309325,8391307,27.2,27.4,26.9,27.0,0.05,156,0.9199854205033762,25.0236,24.8396,24.7476,25.2076
2022-12-05,464332,12795167,27.4,27.85,27.4,27.45,0.45,260,0.9199854205033762,25.2076,25.2536,25.2076,25.6216
2022-12-06,461000,12558200,27.65,27.65,26.55,26.55,-0.9,193,0.9199854205033762,25.4376,24.4256,24.4256,25.4376
2022-12-07,1089050,28561195,26.85,26.95,25.65,25.65,-0.9,426,0.9199854205033762,24.7016,23.5976,23.5976,24.7936
2022-12-08,703457,18412753,26.5,26.5,25.9,26.1,0.45,401,0.9199854205033762,24.3796,24.0116,23.8276,24.3796
2022-12-09,577077,15292461,26.35,27.2,26.15,26.6,0.5,257,0.9199854205033762,24.2416,24.4716,24.0576,25.0236
2022-12-12,626021,16909131,26.65,27.35,26.5,27.0,0.4,311,0.9199854205033762,24.5176,24.8396,24.3796,25.1616
2022-12-13,512075,13882533,27.3,27.4,26.7,26.7,-0.3,231,0.9199854205033762,25.1156,24.5636,24.5636,25.2076
2022-12-14,461013,12435402,27.1,27.25,26.7,26.7,0.0,252,0.9199854205033762,24.9316,24.5636,24.5636,25.0696
2022-12-15,595729,16110053,26.6,27.5,26.6,27.25,0.55,242,0.9199854205033762,24.4716,25.0696,24.4716,25.2996
2022-12-16,616199,16366101,26.75,27.15,26.3,26.4,-0.85,261,0.9199854205033762,24.6096,24.2876,24.1956,24.9776
2022-12-19,379658,9972933,26.4,26.7,26.1,26.4,0.0,155,0.9199854205033762,24.2876,24.2876,24.0116,24.5636
2022-12-20,606504,15679810,26.3,26.55,25.4,25.9,-0.5,226,0.9199854205033762,24.1956,23.8276,23.3676,24.4256
2022-12-21,316361,8290923,26.15,26.4,25.55,26.15,0.25,119,0.9199854205033762,24.0576,24.0576,23.5056,24.2876
2022-12-22,278883,7361134,26.35,26.6,26.25,26.5,0.35,116,0.9199854205033762,24.2416,24.3796,24.1496,24.4716
2022-12-23,180681,4770775,26.4,26.65,26.2,26.3,-0.2,94,0.9199854205033762,24.2876,24.1956,24.1036,24.5176
2022-12-26,184419,4835207,26.35,26.5,26.1,26.15,-0.15,106,0.9199854205033762,24.2416,24.0576,24.0116,24.3796
2022-12-27,109896,2872696,26.25,26.35,26.1,26.1,-0.05,53,0.9199854205033762,24.1496,24.0116,24.0116,24.2416
2022-12-28,216581,5641349,26.05,26.25,25.8,25.95,-0.15,110,0.9199854205033762,23.9656,23.8736,23.7356,24.1496
2022-12-29,206651,5313157,25.65,25.9,25.55,25.85,-0.1,96,0.9199854205033762,23.5976,23.7816,23.5056,23.8276
2022-12-30,111016,2887712,26.1,26.1,25.9,26.0,0.15,58,0.9199854205033762,24.0116,23.9196,23.8276,24.0116
2023-01-03,260297,6744857,26.0,26.15,25.7,25.95,-0.05,149,0.9199854205033762,23.9196,23.8736,23.6436,24.0576
2023-01-04,436902,11514337,25.8,26.5,25.8,26.4,0.45,204,0.9199854205033762,23.7356,24.2876,23.7356,24.3796
2023-01-05,345811,9166683,26.6,26.7,26.2,26.35,-0.05,170,0.9199854205033762,24.4716,24.2416,24.1036,24.5636
2023-01-06,476238,12640362,26.65,26.8,26.3,26.35,0.0,188,0.9199854205033762,24.5176,24.2416,24.1956,24.6556
2023-01-09,234812,6209651,26.6,26.6,26.35,26.45,0.1,123,0.9199854205033762,24.4716,24.3336,24.2416,24.4716
2023-01-10,247000,6497050,26.3,26.55,26.2,26.3,-0.15,102,0.9199854205033762,24.1956,24.1956,24.1036,24.4256
2023-01-11,230006,6039656,26.3,26.5,26.0,26.2,-0.1,126,0.9199854205033762,24.1956,24.1036,23.9196,24.3796
2023-01-12,143920,3768698,26.2,26.3,26.15,26.15,-0.05,99,0.9199854205033762,24.1036,24.0576,24.0576,24.1956
2023-01-13,196193,5131285,26.15,26.4,26.0,26.05,-0.1,106,0.9199854205033762,24.0576,23.9656,23.9196,24.2876
2023-01-16,168156,4373087,26.05,26.1,25.9,26.0,-0.05,112,0.9199854205033762,23.9656,23.9196,23.8276,24.0116
2023-01-17,116112,3021250,26.0,26.1,25.95,26.0,0.0,69,0.9199854205033762,23.9196,23.9196,23.8736,24.0116
2023-01-30,263364,6912041,26.2,26.35,26.15,26.2,0.2,118,0.9199854205033762,24.1036,24.1036,24.0576,24.2416
2023-01-31,637126,16871793,26.4,26.7,26.1,26.35,0.15,250,0.9199854205033762,24.2876,24.2416,24.0116,24.5636
2023-02-01,440627,11654468,26.55,26.6,26.25,26.4,0.05,220,0.9199854205033762,24.4256,24.2876,24.1496,24.4716
2023-02-02,832054,22082289,26.55,26.75,26.3,26.5,0.1,318,0.9199854205033762,24.4256,24.3796,24.1956,24.6096
2023-02-03,873057,23410277,26.7,27.0,26.6,26.6,0.1,321,0.9199854205033762,24.5636,24.4716,24.4716,24.8396
2023-02-06,236320,6244819,26.6,26.7,26.25,26.35,-0.25,127,0.9199854205033762,24.4716,24.2416,24.1496,24.5636
2023-02-07,367479,9649044,26.35,26.45,26.15,26.2,-0.15,205,0.9199854205033762,24.2416,24.1036,24.0576,24.3336
2023-02-08,489120,12839105,26.25,26.4,26.15,26.2,0.0,180,0.9199854205033762,24.1496,24.1036,24.0576,24.2876
2023-02-09,201028,5269383,26.2,26.3,26.15,26.25,0.05,106,0.9199854205033762,24.1036,24.1496,24.0576,24.1956
2023-02-10,428700,11165816,26.15,26.2,25.95,25.95,-0.3,166,0.9199854205033762,24.0576,23.8736,23.8736,24.1036
2023-02-13,383022,9916418,26.0,26.05,25.7,25.85,-0.1,189,0.9199854205033762,23.9196,23.7816,23.6436,23.9656
2023-02-14,348526,9068823,25.85,26.2,25.85,25.95,0.1,160,0.9199854205033762,23.7816,23.8736,23.7816,24.1036
2023-02-15,452201,11792626,25.8,26.3,25.8,26.0,0.05,178,0.9199854205033762,23.7356,23.9196,23.7356,24.1956
2023-02-16,453000,11826500,26.05,26.25,26.0,26.15,0.15,214,0.9199854205033762,23.9656,24.0576,23.9196,24.1496
2023-02-17,257231,6708937,26.05,26.2,26.0,26.2,0.05,129,0.9199854205033762,23.9656,24.1036,23.9196,24.1036
2023-02-20,398180,10474534,26.2,26.6,26.15,26.2,0.0,179,0.9199854205033762,24.1036,24.1036,24.0576,24.4716
2023-02-21,587574,15470995,26.3,26.6,26.2,26.3,0.1,262,0.9199854205033762,24.1956,24.1956,24.1036,24.4716
2023-02-22,697252,18402441,26.3,26.6,26.2,26.3,0.0,314,0.9199854205033762,24.1956,24.1956,24.1036,24.4716
2023-02-23,441698,11684476,26.5,26.7,26.3,26.35,0.05,232,0.9199854205033762,24.3796,24.2416,24.1956,24.5636
2023-02-24,673359,17648853,26.35,26.45,26.0,26.25,-0.1,272,0.9199854205033762,24.2416,24.1496,23.9196,24.3336
2023-03-01,425563,11100459,26.1,26.25,26.0,26.05,-0.2,221,0.9199854205033762,24.0116,23.9656,23.9196,24.1496
2023-03-02,268040,6986190,26.1,26.2,26.0,26.05,0.0,137,0.9199854205033762,24.0116,23.9656,23.9196,24.1036
2023-03-03,301336,7877986,26.2,26.25,26.05,26.1,0.05,135,0.9199854205033762,24.1036,24.0116,23.9656,24.1496
2023-03-06,663026,17419484,26.15,26.6,26.05,26.45,0.35,287,0.9199854205033762,24.0576,24.3336,23.9656,24.4716
2023-03-07,771791,20558083,26.45,26.8,26.35,26.7,0.25,402,0.9199854205033762,24.3336,24.5636,24.2416,24.6556
2023-03-08,648171,17370068,26.6,26.9,26.6,26.8,0.1,370,0.9199854205033762,24.4716,24.6556,24.4716,24.7476
2023-03-09,3510078,97952219,27.7,28.4,27.55,27.8,1.0,1681,0.9199854205033762,25.4836,25.5756,25.3456,26.1276
2023-03-10,2029602,56729726,27.75,28.2,27.4,28.05,0.25,1002,0.9199854205033762,25.5296,25.8056,25.2076,25.9436
2023-03-13,1734689,48525242,28.05,28.4,27.5,27.8,-0.25,1013,0.9199854205033762,25.8056,25.5756,25.2996,26.1276
2023-03-14,1441567,39278437,27.55,27.8,26.9,26.9,-0.9,720,0.9199854205033762,25.3456,24.7476,24.7476,25.5756
2023-03-15,566607,15461648,27.2,27.4,27.0,27.3,0.4,287,0.9199854205033762,25.0236,25.1156,24.8396,25.2076
2023-03-16,641918,17282921,27.2,27.35,26.55,26.55,-0.75,337,0.9199854205033762,25.0236,24.4256,24.4256,25.1616
2023-03-17,1041863,28072420,26.95,27.1,26.7,27.0,0.45,338,0.9199854205033762,24.7936,24.8396,24.5636,24.9316
2023-03-20,1662127,49209760,28.85,29.7,28.85,29.7,2.7,561,0.9199854205033762,26.5416,27.3236,26.5416,27.3236
2023-03-21,11397740,355971805,30.5,32.55,29.95,29.95,0.25,6257,0.9199854205033762,28.0596,27.5536,27.5536,29.9455
2023-03-22,2558330,76617538,30.5,30.5,29.35,29.85,-0.1,1375,0.9199854205033762,28.0596,27.4616,27.0016,28.0596
2023-03-23,1358978,40306570,29.85,30.15,29.2,29.75,-0.1,843,0.9199854205033762,27.4616,27.3696,26.8636,27.7376
2023-03-24,1892381,57327916,30.0,30.7,29.95,30.15,0.4,1177,0.9199854205033762,27.5996,27.7376,27.5536,28.2436
2023-03-27,1562475,46112047,30.25,30.25,29.05,29.2,-0.95,811,0.9199854205033762,27.8296,26.8636,26.7256,27.8296
2023-03-28,1091409,31320144,29.2,29.35,28.4,28.4,-0.8,560,0.9199854205033762,26.8636,26.1276,26.1276,27.0016
2023-03-29,805196,23087379,28.5,28.95,28.45,28.65,0.25,417,0.9199854205033762,26.2196,26.3576,26.1736,26.6336
2023-03-30,2152033,59645887,28.05,28.2,27.45,27.5,-1.15,1124,0.9199854205033762,25.8056,25.2996,25.2536,25.9436
2023-03-31,765433,21032852,27.75,27.75,27.25,27.25,-0.25,402,0.9199854205033762,25.5296,25.0696,25.0696,25.5296
2023-04-06,1076229,29472852,27.1,27.65,26.95,27.45,0.2,487,0.9199854205033762,24.9316,25.2536,24.7936,25.4376
2023-04-07,602665,16529799,27.6,27.7,27.25,27.4,-0.05,336,0.9199854205033762,25.3916,25.2076,25.0696,25.4836
2023-04-10,391244,10721290,27.3,27.55,27.3,27.4,0.0,265,0.9199854205033762,25.1156,25.2076,25.1156,25.3456
2023-04-11,889746,24333068,27.4,27.65,27.1,27.2,-0.2,479,0.9199854205033762,25.2076,25.0236,24.9316,25.4376
2023-04-12,1180377,32772961,27.35,28.05,27.2,27.9,0.7,654,0.9199854205033762,25.1616,25.6676,25.0236,25.8056
2023-04-13,617178,17133037,27.75,27.9,27.65,27.65,-0.25,328,0.9199854205033762,25.5296,25.4376,25.4376,25.6676
2023-04-14,465487,12913847,27.85,27.9,27.6,27.75,0.1,268,0.9199854205033762,25.6216,25.5296,25.3916,25.6676
2023-04-17,530810,14780591,27.75,28.05,27.65,27.75,0.0,309,0.9199854205033762,25.5296,25.5296,25.4376,25.8056
2023-04-18,557500,15451720,27.95,27.95,27.5,27.5,-0.25,375,0.9199854205033762,25.7136,25.2996,25.2996,25.7136
2023-04-19,634665,17430379,27.5,27.9,27.1,27.2,-0.3,366,0.9199854205033762,25.2996,25.0236,24.9316,25.6676
2023-04-20,634309,17108017,27.2,27.3,26.75,26.75,-0.45,370,0.9199854205033762,25.0236,24.6096,24.6096,25.1156
2023-04-21,644818,17292441,26.9,27.05,26.55,26.55,-0.2,360,0.9199854205033762,24.7476,24.4256,24.4256,24.8856
2023-04-24,269535,7207444,26.55,26.95,26.55,26.75,0.2,171,0.9199854205033762,24.4256,24.6096,24.4256,24.7936
2023-04-25,753681,19854202,26.75,26.85,26.0,26.15,-0.6,387,0.9199854205033762,24.6096,24.0576,23.9196,24.7016
2023-04-26,397836,10444135,26.05,26.45,26.05,26.45,0.3,189,0.9199854205033762,23.9656,24.3336,23.9656,24.3336
2023-04-27,230786,6072882,26.45,26.5,26.1,26.45,0.0,155,0.9199854205033762,24.3336,24.3336,24.0116,24.3796
2023-04-28,278094,7382362,26.7,26.7,26.4,26.5,0.05,202,0.9199854205033762,24.5636,24.3796,24.2876,24.5636
2023-05-02,258886,6932472,26.5,26.95,26.5,26.9,0.4,151,0.9199854205033762,24.3796,24.7476,24.3796,24.7936
2023-05-03,249406,6672275,26.8,27.05,26.6,26.7,-0.2,134,0.9199854205033762,24.6556,24.5636,24.4716,24.8856
2023-05-04,263536,7030958,26.7,26.85,26.55,26.8,0.1,191,0.9199854205033762,24.5636,24.6556,24.4256,24.7016
2023-05-05,218410,5879207,26.8,27.05,26.75,26.85,0.05,93,0.9199854205033762,24.6556,24.7016,24.6096,24.8856
2023-05-08,270774,7245984,27.05,27.05,26.5,26.7,-0.15,189,0.9199854205033762,24.8856,24.5636,24.3796,24.8856
2023-05-09,353541,9388150,26.75,26.85,26.35,26.35,-0.35,202,0.9199854205033762,24.6096,24.2416,24.2416,24.7016
2023-05-10,158050,4162125,26.3,26.45,26.2,26.4,0.05,73,0.9199854205033762,24.1956,24.2876,24.1036,24.3336
2023-05-11,356420,9373086,26.45,26.45,26.2,26.25,-0.15,160,0.9199854205033762,24.3336,24.1496,24.1036,24.3336
2023-05-12,180034,4744050,26.4,26.7,26.2,26.45,0.2,83,0.9199854205033762,24.2876,24.3336,24.1036,24.5636
2023-05-15,405690,10847004,26.35,26.9,26.35,26.65,0.2,227,0.9199854205033762,24.2416,24.5176,24.2416,24.7476
2023-05-16,305933,8211500,26.95,26.95,26.65,26.85,0.2,194,0.9199854205033762,24.7936,24.7016,24.5176,24.7936
2023-05-17,427900,11514197,26.9,27.0,26.75,26.9,0.05,249,0.9199854205033762,24.7476,24.7476,24.6096,24.8396
2023-05-18,603943,16395176,27.05,27.3,26.75,27.2,0.3,428,0.9199854205033762,24.8856,25.0236,24.6096,25.1156
2023-05-19,640024,17343616,27.35,27.35,26.9,26.9,-0.3,352,0.9199854205033762,25.1616,24.7476,24.7476,25.1616
2023-05-22,550513,15007869,27.1,27.4,27.1,27.4,0.5,258,0.9199854205033762,24.9316,25.2076,24.9316,25.2076
2023-05-23,554572,15259034,27.4,27.65,27.4,27.45,0.05,341,0.9199854205033762,25.2076,25.2536,25.2076,25.4376
2023-05-24,564338,15534341,27.4,27.7,27.25,27.55,0.1,304,0.9199854205033762,25.2076,25.3456,25.0696,25.4836
2023-05-25,1184251,33109021,27.45,28.3,27.35,27.9,0.35,762,0.9199854205033762,25.2536,25.6676,25.1616,26.0356
2023-05-26,991777,27317198,27.9,27.9,27.25,27.25,-0.65,518,0.9199854205033762,25.6676,25.0696,25.0696,25.6676
2023-05-29,488506,13305979,27.5,27.5,27.1,27.2,-0.05,267,0.9199854205033762,25.2996,25.0236,24.9316,25.2996
2023-05-30,1028372,28389344,27.15,27.95,27.15,27.3,0.1,497,0.9199854205033762,24.9776,25.1156,24.9776,25.7136
2023-05-31,328933,9075185,27.4,27.8,27.4,27.45,0.15,224,0.9199854205033762,25.2076,25.2536,25.2076,25.5756
2023-06-01,369676,10151824,27.55,27.65,27.35,27.35,-0.1,262,0.9199854205033762,25.3456,25.1616,25.1616,25.4376
2023-06-02,427299,11819104,27.55,27.8,27.5,27.8,0.45,243,0.9199854205033762,25.3456,25.5756,25.2996,25.5756
2023-06-05,1267953,35792245,27.85,28.5,27.85,28.2,0.4,637,0.9199854205033762,25.6216,25.9436,25.6216,26.2196
2023-06-06,4557771,134588285,28.35,30.35,28.2,29.8,1.6,2344,0.9199854205033762,26.0816,27.4156,25.9436,27.9216
2023-06-07,3672715,110114204,30.05,30.75,29.25,29.85,0.05,1838,0.9199854205033762,27.6456,27.4616,26.9096,28.2896
2023-06-08,1981311,58924837,29.85,30.25,29.25,29.25,-0.6,828,0.9199854205033762,27.4616,26.9096,26.9096,27.8296
2023-06-09,3894613,118381110,30.6,30.85,29.8,30.55,1.3,1957,0.9199854205033762,28.1516,28.1056,27.4156,28.3816
2023-06-12,1722272,52332365,30.85,30.95,29.95,30.25,-0.3,845,0.9199854205033762,28.3816,27.8296,27.5536,28.4735
2023-06-13,1141411,34779481,30.45,30.7,30.2,30.35,0.1,489,0.9199854205033762,28.0136,27.9216,27.7836,28.2436
2023-06-14,795424,24106919,30.4,30.65,30.05,30.15,-0.2,426,0.9199854205033762,27.9676,27.7376,27.6456,28.1976
2023-06-15,2146016,65689530,30.5,31.25,29.85,30.9,0.75,997,0.9199854205033762,28.0596,28.4275,27.4616,28.7495
2023-06-16,1859067,57931014,30.9,31.9,30.6,30.75,-0.15,1152,0.9199854205033762,28.4275,28.2896,28.1516,29.3475
2023-06-19,1288923,39193076,30.8,30.95,30.1,30.7,-0.05,633,0.9199854205033762,28.3356,28.2436,27.6916,28.4735
2023-06-20,1421441,44281205,30.7,31.5,30.55,31.0,0.3,750,0.9199854205033762,28.2436,28.5195,28.1056,28.9795
2023-06-21,723716,22472126,31.15,31.35,30.9,30.95,-0.05,414,0.9199854205033762,28.6575,28.4735,28.4275,28.8415
2023-06-26,4119487,130650754,31.0,32.4,31.0,32.05,1.1,1747,0.9199854205033762,28.5195,29.4855,28.5195,29.8075
2023-06-27,2492917,78061014,31.8,32.1,30.9,31.5,-0.55,1046,0.9199854205033762,29.2555,28.9795,28.4275,29.5315
2023-06-28,3717298,121545946,31.9,33.5,31.5,32.8,1.3,1704,0.9199854205033762,29.3475,30.1755,28.9795,30.8195
2023-06-29,2690148,90111614,32.6,34.45,32.6,34.0,1.2,1531,0.9199854205033762,29.9915,31.2795,29.9915,31.6935
2023-06-30,2244385,76519022,34.8,34.8,33.2,34.65,0.65,1276,0.9199854205033762,32.0155,31.8775,30.5435,32.0155
2023-07-03,9113692,346180823,36.85,38.1,36.8,38.1,3.45,2529,0.9199854205033762,33.9015,35.0514,33.8555,35.0514
2023-07-04,7345835,275452052,37.8,38.25,36.8,37.25,-0.85,3567,0.9199854205033762,34.7754,34.2695,33.8555,35.1894
2023-07-05,3317453,124400665,37.6,38.4,37.0,37.2,-0.05,1779,0.9199854205033762,34.5915,34.2235,34.0395,35.3274
2023-07-06,2039528,76108320,37.2,37.9,36.4,37.7,0.5,1172,0.9199854205033762,34.2235,34.6835,33.4875,34.8674
2023-07-07,3762054,136643287,37.7,37.7,35.5,36.85,-0.85,1847,0.9199854205033762,34.6835,33.9015,32.6595,34.6835
2023-07-10,2421609,91050312,36.85,38.2,36.5,37.6,0.75,1306,0.9199854205033762,33.9015,34.5915,33.5795,35.1434
2023-07-11,4760804,182517162,37.9,38.7,37.75,38.5,0.9,2183,0.9199854205033762,34.8674,35.4194,34.7294,35.6034
2023-07-12,2445624,92654045,38.1,38.45,37.25,37.65,-0.85,1265,0.9199854205033762,35.0514,34.6375,34.2695,35.3734
2023-07-13,2636451,98774485,38.3,38.3,36.55,36.9,-0.75,1228,0.9199854205033762,35.2354,33.9475,33.6255,35.2354
2023-07-14,1547126,56785404,37.3,37.45,36.0,36.05,-0.85,908,0.9199854205033762,34.3155,33.1655,33.1195,34.4535
2023-07-17,1594951,58025190,36.8,36.8,35.6,36.55,0.5,765,0.9199854205033762,33.8555,33.6255,32.7515,33.8555
2023-07-18,2350598,83836405,36.5,36.7,35.15,35.75,-0.8,1203,0.9199854205033762,33.5795,32.8895,32.3375,33.7635
2023-07-19,1946260,68862743,36.0,36.35,34.55,35.2,-0.55,908,0.9199854205033762,33.1195,32.3835,31.7855,33.4415
2023-07-20,883463,31259933,35.7,35.9,34.65,35.85,0.65,576,0.9199854205033762,32.8435,32.9815,31.8775,33.0275
2023-07-21,1239729,44404109,35.75,36.2,35.35,35.9,0.05,738,0.9199854205033762,32.8895,33.0275,32.5215,33.3035
2023-07-24,1875789,68980828,38.0,38.0,36.1,36.1,0.2,1227,0.9199854205033762,34.9594,33.2115,33.2115,34.9594
2023-07-25,6520686,245325301,36.55,38.45,36.4,37.35,1.25,3301,0.9199854205033762,33.6255,34.3615,33.4875,35.3734
2023-07-26,3347959,123588463,37.0,38.0,36.25,36.65,-0.7,1824,0.9199854205033762,34.0395,33.7175,33.3495,34.9594
2023-07-27,1753831,64500477,36.8,37.25,36.25,36.35,-0.3,921,0.9199854205033762,33.8555,33.4415,33.3495,34.2695
2023-07-28,2308963,80825816,36.55,36.55,34.4,34.85,-1.5,1327,0.9199854205033762,33.6255,32.0615,31.6475,33.6255
2023-07-31,2532394,90677080,35.4,36.6,34.95,35.75,0.9,1260,0.9199854205033762,32.5675,32.8895,32.1535,33.6715
2023-08-01,1464718,52855656,36.0,36.45,35.7,35.85,0.1,784,0.9199854205033762,33.1195,32.9815,32.8435,33.5335
2023-08-02,4780420,176650330,36.0,38.2,36.0,36.05,0.2,2685,0.9199854205033762,33.1195,33.1655,33.1195,35.1434
2023-08-04,1730575,61256419,36.05,36.15,34.6,35.3,-0.75,1076,0.9199854205033762,33.1655,32.4755,31.8315,33.2575
2023-08-07,1434624,50915347,35.65,36.15,34.75,36.0,0.7,752,0.9199854205033762,32.7975,33.1195,31.9695,33.2575
2023-08-08,2017050,74246444,36.1,37.4,36.1,36.8,0.8,1102,0.9199854205033762,33.2115,33.8555,33.2115,34.4075
2023-08-09,1623324,59875516,37.05,37.25,36.4,36.8,0.0,726,0.9199854205033762,34.0855,33.8555,33.4875,34.2695
2023-08-10,2230729,79654115,37.1,37.5,34.95,35.2,-1.6,1200,0.9199854205033762,34.1315,32.3835,32.1535,34.4995
2023-08-11,1233849,43380199,35.4,35.85,34.75,35.15,-0.05,615,0.9199854205033762,32.5675,32.3375,31.9695,32.9815
2023-08-14,1055380,36471652,35.4,35.5,33.4,34.4,-0.75,599,0.9199854205033762,32.5675,31.6475,30.7275,32.6595
2023-08-15,1235711,43221547,35.0,35.4,34.5,34.9,0.5,657,0.9199854205033762,32.1995,32.1075,31.7395,32.5675
2023-08-16,1059282,36931009,34.85,35.35,33.85,35.35,0.45,562,0.9199854205033762,32.0615,32.5215,31.1415,32.5215
2023-08-17,2960442,107586134,35.35,37.05,35.3,36.85,1.5,1425,0.9199854205033762,32.5215,33.9015,32.4755,34.0855
2023-08-18,2544576,94854658,37.0,38.0,36.65,36.95,0.1,1356,0.9199854205033762,34.0395,33.9935,33.7175,34.9594
2023-08-21,5006699,189953589,37.85,38.35,37.5,37.9,0.95,2579,0.9199854205033762,34.8214,34.8674,34.4995,35.2814
2023-08-22,3155334,117221793,38.0,38.1,36.65,37.05,-0.85,1467,0.9199854205033762,34.9594,34.0855,33.7175,35.0514
2023-08-23,1976428,73693713,36.95,37.8,36.65,37.0,-0.05,725,0.9199854205033762,33.9935,34.0395,33.7175,34.7754
2023-08-24,1974432,73669516,37.2,37.7,36.8,36.8,-0.2,893,0.9199854205033762,34.2235,33.8555,33.8555,34.6835
2023-08-25,1166206,42405937,36.8,36.9,36.0,36.2,-0.6,539,0.9199854205033762,33.8555,33.3035,33.1195,33.9475
2023-08-28,1787266,63092287,36.0,36.0,34.95,35.05,0.0,636,0.9328703703703702,33.5833,32.6971,32.6038,33.5833
2023-08-29,1104362,38603769,35.05,35.15,34.75,34.85,-0.2,507,0.9328703703703702,32.6971,32.5105,32.4172,32.7904
2023-08-30,1015419,35632212,35.2,35.3,34.8,35.3,0.45,382,0.9328703703703702,32.837,32.9303,32.4639,32.9303
2023-08-31,4429126,163142470,35.45,37.45,35.3,37.1,1.8,1742,0.9328703703703702,33.0703,34.6095,32.9303,34.936
2023-09-01,3741463,140325727,37.1,38.15,36.9,37.0,-0.1,1817,0.9328703703703702,34.6095,34.5162,34.4229,35.589
2023-09-04,3503508,125301913,37.05,37.2,35.2,35.5,-1.5,1575,0.9328703703703702,34.5628,33.1169,32.837,34.7028
2023-09-05,2642713,93236853,35.5,35.8,35.0,35.05,-0.45,1011,0.9328703703703702,33.1169,32.6971,32.6505,33.3968
2023-09-06,3933563,136639868,35.2,35.7,34.0,34.15,-0.9,1568,0.9328703703703702,32.837,31.8575,31.7176,33.3035
2023-09-07,1505241,51590652,34.15,34.65,33.9,34.35,0.2,659,0.9328703703703702,31.8575,32.0441,31.6243,32.324
2023-09-08,5158601,168562840,33.85,33.85,31.95,32.2,-2.15,2359,0.9328703703703702,31.5777,30.0384,29.8052,31.5777
2023-09-11,1931123,61506614,32.2,32.7,31.35,31.35,-0.85,847,0.9328703703703702,30.0384,29.2455,29.2455,30.5049
2023-09-12,1050782,33146736,31.4,31.85,31.1,31.45,0.1,542,0.9328703703703702,29.2921,29.3388,29.0123,29.7119
2023-09-13,1319272,42063336,31.65,32.25,31.35,32.05,0.6,516,0.9328703703703702,29.5253,29.8985,29.2455,30.0851
2023-09-14,1441893,46848209,32.05,32.65,32.05,32.55,0.5,571,0.9328703703703702,29.8985,30.3649,29.8985,30.4582
2023-09-15,1329683,43586027,32.6,33.0,32.35,32.9,0.35,611,0.9328703703703702,30.4116,30.6914,30.1784,30.7847
2023-09-18,1210474,39970864,32.9,33.75,32.5,32.55,-0.35,539,0.9328703703703702,30.6914,30.3649,30.3183,31.4844
2023-09-19,1015725,33464316,32.9,33.5,32.45,32.85,0.3,429,0.9328703703703702,30.6914,30.6448,30.2716,31.2512
2023-09-20,474469,15515719,32.55,33.2,32.5,32.55,-0.3,362,0.9328703703703702,30.3649,30.3649,30.3183,30.9713
2023-09-21,825146,26891114,32.6,33.0,32.3,32.5,-0.05,360,0.9328703703703702,30.4116,30.3183,30.1317,30.7847
2023-09-22,370528,12023064,32.5,32.7,32.2,32.5,0.0,220,0.9328703703703702,30.3183,30.3183,30.0384,30.5049
2023-09-25,1045266,34503564,32.6,33.35,32.55,33.2,0.7,421,0.9328703703703702,30.4116,30.9713,30.3649,31.1112
2023-09-26,4902700,170211036,33.55,35.45,33.5,34.85,1.65,2488,0.9328703703703702,31.2978,32.5105,31.2512,33.0703
2023-09-27,4740449,166668325,34.85,35.9,34.5,34.7,-0.15,2947,0.9328703703703702,32.5105,32.3706,32.184,33.49
2023-09-28,4628660,165006528,34.65,36.15,34.6,36.05,1.35,2212,0.9328703703703702,32.324,33.63,32.2773,33.7233
2023-10-02,5355860,197935029,36.7,37.45,36.2,37.25,1.2,2519,0.9328703703703702,34.2363,34.7494,33.7699,34.936
2023-10-03,4113613,154138953,37.25,37.75,37.0,37.4,0.15,1888,0.9328703703703702,34.7494,34.8894,34.5162,35.2159
2023-10-04,8389377,323616563,37.3,40.0,37.1,40.0,2.6,4440,0.9328703703703702,34.7961,37.3148,34.6095,37.3148
2023-10-05,10153689,396351909,39.6,39.75,38.2,38.8,-1.2,5550,0.9328703703703702,36.9417,36.1954,35.6356,37.0816
2023-10-06,4273085,165969567,38.6,39.3,38.3,39.0,0.2,2111,0.9328703703703702,36.0088,36.3819,35.7289,36.6618
2023-10-11,9359090,359794410,40.1,40.25,36.65,38.9,-0.1,4698,0.9328703703703702,37.4081,36.2887,34.1897,37.548
2023-10-12,15481629,631760850,39.5,42.75,39.0,42.45,3.55,8382,0.9328703703703702,36.8484,39.6003,36.3819,39.8802
2023-10-13,8010838,333355839,41.9,42.7,40.8,41.15,-1.3,4962,0.9328703703703702,39.0873,38.3876,38.0611,39.8336
2023-10-16,3913990,156383693,40.45,41.0,39.3,40.0,-1.15,2278,0.9328703703703702,37.7346,37.3148,36.6618,38.2477
2023-10-17,4047134,159552090,40.5,40.65,38.6,38.8,-1.2,2205,0.9328703703703702,37.7812,36.1954,36.0088,37.9212
2023-10-18,2452860,93912887,39.2,39.2,37.7,37.8,-1.0,1528,0.9328703703703702,36.5685,35.2625,35.1692,36.5685
2023-10-19,2094145,78170519,38.25,38.3,36.85,37.2,-0.6,1379,0.9328703703703702,35.6823,34.7028,34.3763,35.7289
2023-10-20,1849528,67262384,37.0,37.1,36.0,36.2,-1.0,1056,0.9328703703703702,34.5162,33.7699,33.5833,34.6095
2023-10-23,1561967,56876894,36.4,36.9,35.8,35.8,-0.4,990,0.9328703703703702,33.9565,33.3968,33.3968,34.4229
2023-10-24,1850858,66214055,35.95,36.15,35.2,36.0,0.2,1218,0.9328703703703702,33.5367,33.5833,32.837,33.7233
2023-10-25,3031218,111431223,36.0,37.6,36.0,36.45,0.45,1885,0.9328703703703702,33.5833,34.0031,33.5833,35.0759
2023-10-26,1343629,48176110,36.0,36.45,35.5,35.5,-0.95,1036,0.9328703703703702,33.5833,33.1169,33.1169,34.0031
2023-10-27,1595004,56401772,35.65,36.15,34.85,35.05,-0.45,914,0.9328703703703702,33.2568,32.6971,32.5105,33.7233
2023-10-30,733257,25682307,35.05,35.5,34.65,34.85,-0.2,512,0.9328703703703702,32.6971,32.5105,32.324,33.1169
2023-10-31,3262615,111710671,35.2,35.45,33.8,33.85,-1.0,1353,0.9328703703703702,32.837,31.5777,31.531,33.0703
2023-11-01,1534414,51787646,34.1,34.45,33.3,33.5,-0.35,828,0.9328703703703702,31.8109,31.2512,31.0646,32.1374
2023-11-02,1229886,42032138,33.9,34.35,33.9,34.3,0.8,674,0.9328703703703702,31.6243,31.9975,31.6243,32.0441
2023-11-03,1225793,42831727,34.6,35.25,34.6,35.05,0.75,702,0.9328703703703702,32.2773,32.6971,32.2773,32.8837
2023-11-06,1520172,54676027,35.6,36.4,35.3,35.75,0.7,1106,0.9328703703703702,33.2102,33.3501,32.9303,33.9565
2023-11-07,981209,35104170,35.8,36.15,35.35,35.75,0.0,668,0.9328703703703702,33.3968,33.3501,32.977,33.7233
2023-11-08,847330,30291004,36.1,36.25,35.4,35.65,-0.1,492,0.9328703703703702,33.6766,33.2568,33.0236,33.8166
2023-11-09,986960,34989558,35.65,35.85,35.2,35.25,-0.4,602,0.9328703703703702,33.2568,32.8837,32.837,33.4434
2023-11-10,1094766,38397898,35.2,35.7,34.8,35.05,-0.2,622,0.9328703703703702,32.837,32.6971,32.4639,33.3035
2023-11-13,1127534,39070880,34.8,35.0,34.3,34.65,-0.4,635,0.9328703703703702,32.4639,32.324,31.9975,32.6505
2023-11-14,1721978,60560237,35.3,35.8,34.7,34.7,0.05,753,0.9328703703703702,32.9303,32.3706,32.3706,33.3968
2023-11-15,1648024,58197288,35.2,35.85,34.9,35.1,0.4,868,0.9328703703703702,32.837,32.7438,32.5572,33.4434
2023-11-16,1294783,45787703,35.15,35.65,35.1,35.1,0.0,611,0.9328703703703702,32.7904,32.7438,32.7438,33.2568
2023-11-17,955694,33779253,35.3,35.65,35.05,35.15,0.05,561,0.9328703703703702,32.9303,32.7904,32.6971,33.2568
2023-11-20,774841,27198630,35.4,35.4,34.85,35.05,-0.1,471,0.9328703703703702,33.0236,32.6971,32.5105,33.0236
2023-11-21,2324115,83132432,35.15,36.2,35.15,35.65,0.6,1057,0.9328703703703702,32.7904,33.2568,32.7904,33.7699
2023-11-22,1669571,60137327,35.6,36.25,35.6,36.0,0.35,750,0.9328703703703702,33.2102,33.5833,33.2102,33.8166
2023-11-23,5765894,217066007,36.1,38.5,36.1,37.7,1.7,2638,0.9328703703703702,33.6766,35.1692,33.6766,35.9155
2023-11-24,7224564,280603359,37.8,39.7,37.4,39.3,1.6,4152,0.9328703703703702,35.2625,36.6618,34.8894,37.035
2023-11-27,3559158,138010008,39.5,39.55,38.35,38.35,-0.95,1941,0.9328703703703702,36.8484,35.7756,35.7756,36.895
2023-11-28,1994450,77240077,38.6,39.3,38.4,38.6,0.25,1303,0.9328703703703702,36.0088,36.0088,35.8222,36.6618
2023-11-29,6238443,244401462,38.9,39.8,38.6,38.95,0.35,3483,0.9328703703703702,36.2887,36.3353,36.0088,37.1282
2023-11-30,3711212,140896379,39.1,39.1,37.35,37.4,-1.55,2524,0.9328703703703702,36.4752,34.8894,34.8427,36.4752
2023-12-01,1100599,41605148,37.55,38.1,37.45,37.6,0.2,918,0.9328703703703702,35.0293,35.0759,34.936,35.5424
2023-12-04,1877984,71913308,37.65,38.65,37.45,38.6,1.0,1136,0.9328703703703702,35.1226,36.0088,34.936,36.0554
2023-12-05,2723936,105305000,38.5,39.2,38.1,38.9,0.3,1569,0.9328703703703702,35.9155,36.2887,35.5424,36.5685
2023-12-06,2506428,97621747,39.0,39.5,38.4,39.15,0.25,1588,0.9328703703703702,36.3819,36.5219,35.8222,36.8484
2023-12-07,7210787,280084492,39.15,40.3,37.5,37.6,-1.55,3811,0.9328703703703702,36.5219,35.0759,34.9826,37.5947
2023-12-08,2557179,98284450,38.0,38.85,37.8,38.6,1.0,1299,0.9328703703703702,35.4491,36.0088,35.2625,36.242
2023-12-11,5201768,198077568,37.4,39.15,36.8,38.5,-0.1,3349,0.9328703703703702,34.8894,35.9155,34.3296,36.5219
2023-12-12,9863923,386317158,39.0,40.15,38.4,39.75,1.25,4884,0.9328703703703702,36.3819,37.0816,35.8222,37.4547
2023-12-13,4278470,167960524,39.75,39.75,38.75,39.15,-0.6,2422,0.9328703703703702,37.0816,36.5219,36.1487,37.0816
2023-12-14,2219690,86751830,39.15,39.5,38.8,38.8,-0.35,1201,0.9328703703703702,36.5219,36.1954,36.1954,36.8484
2023-12-15,2153047,83199130,38.85,39.25,38.15,38.15,-0.65,1000,0.9328703703703702,36.242,35.589,35.589,36.6152
2023-12-18,2383924,91027836,38.15,38.7,37.7,38.15,0.0,1071,0.9328703703703702,35.589,35.589,35.1692,36.1021
2023-12-19,2111120,80039717,38.2,38.55,37.25,38.55,0.4,1024,0.9328703703703702,35.6356,35.9622,34.7494,35.9622
2023-12-20,1592612,61925686,38.6,39.1,38.5,39.05,0.5,839,0.9328703703703702,36.0088,36.4286,35.9155,36.4752
2023-12-21,998580,38760730,38.95,39.3,38.35,38.35,-0.7,654,0.9328703703703702,36.3353,35.7756,35.7756,36.6618
2023-12-22,1744421,66609483,38.5,38.6,37.6,37.6,-0.75,862,0.9328703703703702,35.9155,35.0759,35.0759,36.0088
2023-12-25,820256,31082423,37.75,38.35,37.65,37.7,0.1,546,0.9328703703703702,35.2159,35.1692,35.1226,35.7756
2023-12-26,375861,14273094,37.75,38.15,37.75,38.0,0.3,271,0.9328703703703702,35.2159,35.4491,35.2159,35.589
2023-12-27,963246,36869583,38.3,38.6,37.9,38.0,0.0,476,0.9328703703703702,35.7289,35.4491,35.3558,36.0088
2023-12-28,3813897,149300334,38.0,39.75,38.0,39.35,1.35,1891,0.9328703703703702,35.4491,36.7084,35.4491,37.0816
2023-12-29,3512131,136457426,39.5,39.5,38.35,38.35,-1.0,1852,0.9328703703703702,36.8484,35.7756,35.7756,36.8484
2024-01-02,2094169,82163091,38.5,39.7,38.3,39.35,1.0,1165,0.9328703703703702,35.9155,36.7084,35.7289,37.035
2024-01-03,1603276,62741572,39.0,39.45,38.7,38.95,-0.4,934,0.9328703703703702,36.3819,36.3353,36.1021,36.8017
2024-01-04,3254539,127243040,38.85,39.9,38.7,38.85,-0.1,1867,0.9328703703703702,36.242,36.242,36.1021,37.2215
2024-01-05,1936606,75527886,38.95,39.4,38.75,38.9,0.05,828,0.9328703703703702,36.3353,36.2887,36.1487,36.7551
2024-01-08,1618315,63272695,38.95,39.35,38.8,38.9,0.0,859,0.9328703703703702,36.3353,36.2887,36.1954,36.7084
2024-01-09,8113146,291179489,37.8,37.8,35.15,35.15,-3.75,4311,0.9328703703703702,35.2625,32.7904,32.7904,35.2625
2024-01-10,2685400,94313444,35.2,35.7,34.7,34.7,-0.45,1335,0.9328703703703702,32.837,32.3706,32.3706,33.3035
2024-01-11,1534489,53304070,35.0,35.2,34.45,34.6,-0.1,848,0.9328703703703702,32.6505,32.2773,32.1374,32.837
2024-01-12,1366296,47037039,34.8,34.9,34.15,34.2,-0.4,829,0.9328703703703702,32.4639,31.9042,31.8575,32.5572
2024-01-15,1933359,67927625,34.55,35.45,34.55,35.0,0.8,1048,0.9328703703703702,32.2307,32.6505,32.2307,33.0703
2024-01-16,2542843,87195362,35.0,35.0,33.95,33.95,-1.05,1066,0.9328703703703702,32.6505,31.6709,31.6709,32.6505
2024-01-17,2363451,79166624,34.0,34.15,33.1,33.1,-0.85,1078,0.9328703703703702,31.7176,30.878,30.878,31.8575
2024-01-18,554519,18542410,33.45,33.75,33.2,33.35,0.25,391,0.9328703703703702,31.2045,31.1112,30.9713,31.4844
2024-01-19,573533,19224858,33.5,33.75,33.35,33.35,0.0,367,0.9328703703703702,31.2512,31.1112,31.1112,31.4844
2024-01-22,448235,15195281,33.75,34.05,33.75,34.0,0.65,297,0.9328703703703702,31.4844,31.7176,31.4844,31.7642
2024-01-23,660724,22545621,33.95,34.25,33.95,34.0,0.0,358,0.9328703703703702,31.6709,31.7176,31.6709,31.9508
2024-01-24,520386,17812186,34.05,34.4,34.0,34.0,0.0,355,0.9328703703703702,31.7642,31.7176,31.7176,32.0907
2024-01-25,1120875,38273109,34.35,34.35,34.0,34.05,0.05,469,0.9328703703703702,32.0441,31.7642,31.7176,32.0441
2024-01-26,690312,23659741,34.05,34.45,34.0,34.2,0.15,346,0.9328703703703702,31.7642,31.9042,31.7176,32.1374
2024-01-29,408732,14042555,34.05,34.5,34.05,34.45,0.25,235,0.9328703703703702,31.7642,32.1374,31.7642,32.184
2024-01-30,531953,18353416,34.45,34.6,34.45,34.5,0.05,312,0.9328703703703702,32.1374,32.184,32.1374,32.2773
2024-01-31,1198393,41703503,34.6,35.2,34.45,35.0,0.5,623,0.9328703703703702,32.2773,32.6505,32.1374,32.837
2024-02-01,1003707,35460279,35.2,35.6,34.9,35.45,0.45,654,0.9328703703703702,32.837,33.0703,32.5572,33.2102
2024-02-02,905147,31983645,35.55,35.75,35.1,35.4,-0.05,623,0.9328703703703702,33.1635,33.0236,32.7438,33.3501
2024-02-05,1366873,48532108,35.4,35.75,35.3,35.55,0.15,528,0.9328703703703702,33.0236,33.1635,32.9303,33.3501
2024-02-15,1629541,58522783,36.1,36.2,35.55,36.05,0.5,842,0.9328703703703702,33.6766,33.63,33.1635,33.7699
2024-02-16,1057262,38534113,36.25,36.65,36.25,36.4,0.35,667,0.9328703703703702,33.8166,33.9565,33.8166,34.1897
2024-02-19,1459576,53657688,36.45,37.0,36.45,36.75,0.35,713,0.9328703703703702,34.0031,34.283,34.0031,34.5162
2024-02-20,1126618,41232959,37.0,37.1,36.2,36.2,-0.55,697,0.9328703703703702,34.5162,33.7699,33.7699,34.6095
2024-02-21,1565951,56796716,36.05,36.6,36.0,36.0,-0.2,786,0.9328703703703702,33.63,33.5833,33.5833,34.1431
2024-02-22,1316001,47320465,36.3,36.3,35.8,35.8,-0.2,685,0.9328703703703702,33.8632,33.3968,33.3968,33.8632
2024-02-23,1078131,38852241,36.05,36.3,35.8,35.8,0.0,630,0.9328703703703702,33.63,33.3968,33.3968,33.8632
2024-02-26,1469417,53840070,36.0,36.95,36.0,36.4,0.6,962,0.9328703703703702,33.5833,33.9565,33.5833,34.4696
2024-02-27,1569209,56431099,36.8,36.8,35.5,35.5,-0.9,928,0.9328703703703702,34.3296,33.1169,33.1169,34.3296
2024-02-29,2534446,93872670,35.85,37.8,35.65,37.7,2.2,1501,0.9328703703703702,33.4434,35.1692,33.2568,35.2625
2024-03-01,6699390,255018765,38.1,38.75,37.25,37.9,0.2,3523,0.9328703703703702,35.5424,35.3558,34.7494,36.1487
2024-03-04,2020233,75581400,38.05,38.05,37.1,37.1,-0.8,1077,0.9328703703703702,35.4957,34.6095,34.6095,35.4957
2024-03-05,1249907,46514971,37.35,37.65,36.75,36.75,-0.35,606,0.9328703703703702,34.8427,34.283,34.283,35.1226
2024-03-06,4152382,158170054,36.95,39.3,36.75,37.45,0.7,2227,0.9328703703703702,34.4696,34.936,34.283,36.6618
2024-03-07,1500967,55601111,38.0,38.0,36.6,36.6,-0.85,902,0.9328703703703702,35.4491,34.1431,34.1431,35.4491
2024-03-08,1713061,62315009,36.75,36.95,36.0,36.05,-0.55,895,0.9328703703703702,34.283,33.63,33.5833,34.4696
2024-03-11,580692,21068740,36.1,36.6,36.1,36.2,0.15,322,0.9328703703703702,33.6766,33.7699,33.6766,34.1431
2024-03-12,674101,24795299,36.45,37.1,36.45,36.5,0.3,436,0.9328703703703702,34.0031,34.0498,34.0031,34.6095
2024-03-13,1536502,57178856,36.55,37.9,36.55,37.15,0.65,1019,0.9328703703703702,34.0964,34.6561,34.0964,35.3558
2024-03-14,2837274,106886347,37.8,38.15,37.2,37.2,0.05,1708,0.9328703703703702,35.2625,34.7028,34.7028,35.589
2024-03-15,1444848,54120024,37.6,37.9,37.05,37.1,-0.1,848,0.9328703703703702,35.0759,34.6095,34.5628,35.3558
2024-03-18,1062442,39891489,37.7,37.95,37.05,37.75,0.65,810,0.9328703703703702,35.1692,35.2159,34.5628,35.4024
2024-03-19,2066089,78519974,38.15,38.45,37.55,37.55,-0.2,1270,0.9328703703703702,35.589,35.0293,35.0293,35.8689
2024-03-20,1480691,54895044,37.55,37.6,36.7,36.7,-0.85,1079,0.9328703703703702,35.0293,34.2363,34.2363,35.0759
2024-03-21,1638457,61861525,36.75,38.15,36.75,37.8,1.1,961,0.9328703703703702,34.283,35.2625,34.283,35.589
2024-03-22,3059561,117993726,37.95,38.9,37.95,38.7,0.9,2010,0.9328703703703702,35.4024,36.1021,35.4024,36.2887
2024-03-25,3557985,139988579,39.5,39.7,38.7,39.2,0.5,2427,0.9328703703703702,36.8484,36.5685,36.1021,37.035
2024-03-26,27782750,1182056052,40.0,43.1,40.0,43.1,3.9,10027,0.9328703703703702,37.3148,40.2067,37.3148,40.2067
2024-03-27,48316919,2149057569,44.0,47.4,41.1,47.25,4.15,26038,0.9328703703703702,41.0463,44.0781,38.341,44.2181
2024-03-28,31642498,1483517978,47.15,48.8,45.0,46.25,-1.0,17425,0.9328703703703702,43.9848,43.1453,41.9792,45.5241
2024-03-29,9466862,426697865,45.55,46.25,44.5,44.8,-1.45,5230,0.9328703703703702,42.4922,41.7926,41.5127,43.1453
2024-04-01,6755266,296166704,45.1,45.1,43.05,43.05,-1.75,4192,0.9328703703703702,42.0725,40.1601,40.1601,42.0725
2024-04-02,5626578,238480787,43.1,43.55,41.85,42.0,-1.05,3318,0.9328703703703702,40.2067,39.1806,39.0406,40.6265
2024-04-03,4324554,180057914,42.05,42.7,40.95,41.0,-1.0,2588,0.9328703703703702,39.2272,38.2477,38.201,39.8336
2024-04-08,9885843,426122596,41.05,44.3,40.95,43.85,2.85,6468,0.9328703703703702,38.2943,40.9064,38.201,41.3262
2024-04-09,17218804,780612925,43.45,46.9,42.75,44.95,1.1,10518,0.9328703703703702,40.5332,41.9325,39.8802,43.7516
2024-04-10,11444670,520446763,45.15,46.3,44.6,45.95,1.0,7198,0.9328703703703702,42.1191,42.8654,41.606,43.1919
2024-04-11,5959619,268585600,45.25,46.1,44.35,44.35,-1.6,3991,0.9328703703703702,42.2124,41.3728,41.3728,43.0053
2024-04-12,15330826,715357132,44.35,47.8,43.65,46.6,2.25,9302,0.9328703703703702,41.3728,43.4718,40.7198,44.5912
2024-04-15,17773911,832306406,46.95,48.9,45.55,46.4,-0.2,10643,0.9328703703703702,43.7983,43.2852,42.4922,45.6174
2024-04-16,7594146,331540593,46.4,46.4,42.2,42.35,-4.05,4751,0.9328703703703702,43.2852,39.5071,39.3671,43.2852
2024-04-17,7368079,337074870,43.0,46.55,43.0,46.55,4.2,4260,0.9328703703703702,40.1134,43.4251,40.1134,43.4251
2024-04-18,20921606,1055427808,47.55,51.2,47.55,51.2,4.65,9437,0.9328703703703702,44.358,47.763,44.358,47.763
2024-04-19,45248425,2425056271,52.0,56.3,49.0,53.1,1.9,24941,0.9328703703703702,48.5093,49.5354,45.7106,52.5206
2024-04-22,24192905,1258214866,54.7,56.4,47.8,47.8,-5.3,13091,0.9328703703703702,51.028,44.5912,44.5912,52.6139
2024-04-23,13524641,635847858,47.8,49.4,45.6,46.9,-0.9,8361,0.9328703703703702,44.5912,43.7516,42.5389,46.0838
2024-04-24,10636985,503987781,48.0,48.75,46.25,47.4,0.5,7673,0.9328703703703702,44.7778,44.2181,43.1453,45.4774
2024-04-25,4339362,202413342,47.05,47.4,46.2,46.35,-1.05,3029,0.9328703703703702,43.8916,43.2385,43.0986,44.2181
2024-04-26,5038958,236586457,46.85,48.15,46.1,46.15,-0.2,3288,0.9328703703703702,43.705,43.052,43.0053,44.9177
2024-04-29,4125124,188746055,46.9,47.1,44.95,45.1,-1.05,2756,0.9328703703703702,43.7516,42.0725,41.9325,43.9382
2024-04-30,3762977,167316247,45.1,45.3,44.1,44.15,-0.95,2271,0.9328703703703702,42.0725,41.1862,41.1396,42.259
2024-05-02,2926877,129827086,44.85,45.2,43.9,43.9,-0.25,2060,0.9328703703703702,41.8392,40.953,40.953,42.1657
2024-05-03,3674252,159548951,44.15,44.65,42.9,42.9,-1.0,2315,0.9328703703703702,41.1862,40.0201,40.0201,41.6527
2024-05-06,2633426,113082085,42.9,43.35,42.55,42.7,-0.2,1671,0.9328703703703702,40.0201,39.8336,39.6936,40.4399
2024-05-07,6155695,273162533,43.2,45.55,42.9,44.9,2.2,4044,0.9328703703703702,40.3,41.8859,40.0201,42.4922
2024-05-08,4453319,197859098,44.25,44.95,43.8,44.75,-0.15,2998,0.9328703703703702,41.2795,41.7459,40.8597,41.9325
2024-05-09,2431164,108030509,44.8,45.0,43.95,43.95,-0.8,1291,0.9328703703703702,41.7926,40.9997,40.9997,41.9792
2024-05-10,2256483,98065467,44.0,44.15,43.1,43.15,-0.8,1242,0.9328703703703702,41.0463,40.2534,40.2067,41.1862
2024-05-13,2438463,103218085,43.6,43.75,41.75,42.1,-1.05,1503,0.9328703703703702,40.6731,39.2738,38.9473,40.8131
2024-05-14,2151500,90555605,41.75,42.6,41.5,41.8,-0.3,1416,0.9328703703703702,38.9473,38.994,38.7141,39.7403
2024-05-15,2394046,102899434,42.1,43.65,42.1,42.9,1.1,1721,0.9328703703703702,39.2738,40.0201,39.2738,40.7198
2024-05-16,2280029,99053131,43.3,43.9,43.15,43.2,0.3,1305,0.9328703703703702,40.3933,40.3,40.2534,40.953
2024-05-17,1322800,57532533,43.4,43.8,43.25,43.5,0.3,772,0.9328703703703702,40.4866,40.5799,40.3466,40.8597
2024-05-20,5749685,254679559,43.8,45.1,43.15,43.7,0.2,3613,0.9328703703703702,40.8597,40.7664,40.2534,42.0725
2024-05-21,4080508,182172433,44.15,45.1,43.95,44.25,0.55,2568,0.9328703703703702,41.1862,41.2795,40.9997,42.0725
2024-05-22,6503528,292802083,45.55,46.35,44.5,44.85,0.6,3976,0.9328703703703702,42.4922,41.8392,41.5127,43.2385
2024-05-23,3600862,156871163,44.75,44.8,43.0,43.0,-1.85,2153,0.9328703703703702,41.7459,40.1134,40.1134,41.7926
2024-05-24,1597312,69643504,42.85,44.25,42.3,44.1,1.1,1351,0.9328703703703702,39.9735,41.1396,39.4604,41.2795
2024-05-27,2650537,119561168,44.25,45.6,44.25,45.0,0.9,1932,0.9328703703703702,41.2795,41.9792,41.2795,42.5389
2024-05-28,1524677,68565888,45.6,45.6,44.65,45.0,0.0,1209,0.9328703703703702,42.5389,41.9792,41.6527,42.5389
2024-05-29,1179283,52808250,45.25,45.25,44.5,44.65,-0.35,944,0.9328703703703702,42.2124,41.6527,41.5127,42.2124
2024-05-30,1477944,65171439,44.6,44.9,43.6,43.6,-1.05,1102,0.9328703703703702,41.606,40.6731,40.6731,41.8859
2024-05-31,2336403,105064385,43.95,45.7,43.8,44.85,1.25,1361,0.9328703703703702,40.9997,41.8392,40.8597,42.6322
2024-06-03,1060257,47614589,45.2,45.25,44.7,44.7,-0.15,775,0.9328703703703702,42.1657,41.6993,41.6993,42.2124
2024-06-04,4429888,202697801,45.0,46.6,44.8,45.45,0.75,3195,0.9328703703703702,41.9792,42.399,41.7926,43.4718
2024-06-05,3288992,150707991,46.1,46.4,45.45,45.55,0.1,2030,0.9328703703703702,43.0053,42.4922,42.399,43.2852
2024-06-06,5131688,237771827,45.7,47.0,45.6,46.35,0.8,3109,0.9328703703703702,42.6322,43.2385,42.5389,43.8449
2024-06-07,10087623,478268985,46.45,48.25,45.9,47.25,0.9,6116,0.9328703703703702,43.3318,44.0781,42.8187,45.011
2024-06-11,11558951,555922282,48.65,49.25,47.0,47.15,-0.1,7338,0.9328703703703702,45.3841,43.9848,43.8449,45.9439
2024-06-12,5317313,251038237,47.35,48.65,46.45,46.5,-0.65,3392,0.9328703703703702,44.1714,43.3785,43.3318,45.3841
2024-06-13,3589271,166595983,47.1,47.4,45.8,46.05,-0.45,2488,0.9328703703703702,43.9382,42.9587,42.7255,44.2181
2024-06-14,12826624,628700548,46.15,50.5,46.15,49.5,3.45,8121,0.9328703703703702,43.052,46.1771,43.052,47.11
2024-06-17,11467354,565224846,50.0,50.8,48.3,48.85,-0.65,7202,0.9328703703703702,46.6435,45.5707,45.0576,47.3898
2024-06-18,3541548,170663084,48.4,48.7,47.75,48.3,-0.55,2551,0.9328703703703702,45.1509,45.0576,44.5446,45.4308
2024-06-19,2630182,127101188,48.5,48.9,48.0,48.35,0.05,2026,0.9328703703703702,45.2442,45.1043,44.7778,45.6174
2024-06-20,4261284,206729041,48.8,49.3,48.0,48.0,-0.35,2561,0.9328703703703702,45.5241,44.7778,44.7778,45.9905
2024-06-21,2268302,109469864,48.05,48.7,47.85,48.3,0.3,1397,0.9328703703703702,44.8244,45.0576,44.6378,45.4308
2024-06-24,2748465,130740714,48.4,48.6,47.0,47.0,-1.3,1985,0.9328703703703702,45.1509,43.8449,43.8449,45.3375
2024-06-25,1796146,84224056,47.15,47.55,46.2,47.25,0.25,1305,0.9328703703703702,43.9848,44.0781,43.0986,44.358
2024-06-26,2425432,112914208,47.3,47.55,45.9,45.9,-1.35,1878,0.9328703703703702,44.1248,42.8187,42.8187,44.358
2024-06-27,1506304,68664633,45.95,46.2,44.95,44.95,-0.95,1156,0.9328703703703702,42.8654,41.9325,41.9325,43.0986
2024-06-28,1126882,50968898,45.35,45.6,44.95,44.95,0.0,838,0.9328703703703702,42.3057,41.9325,41.9325,42.5389
2024-07-01,1019594,45844481,45.1,45.55,44.6,44.85,-0.1,905,0.9328703703703702,42.0725,41.8392,41.606,42.4922
2024-07-02,1028948,46019207,44.9,45.25,44.35,44.95,0.1,982,0.9328703703703702,41.8859,41.9325,41.3728,42.2124
2024-07-03,2593382,119917962,45.6,47.1,45.5,46.1,1.15,1869,0.9328703703703702,42.5389,43.0053,42.4456,43.9382
2024-07-04,2040175,94719047,46.2,46.85,45.75,46.2,0.1,1409,0.9328703703703702,43.0986,43.0986,42.6788,43.705
2024-07-05,1597663,73267823,46.4,46.65,45.6,45.6,-0.6,1047,0.9328703703703702,43.2852,42.5389,42.5389,43.5184
2024-07-08,1412594,63364047,45.7,45.85,44.6,44.6,-1.0,1087,0.9328703703703702,42.6322,41.606,41.606,42.7721
2024-07-09,2330417,105715683,44.65,46.8,44.2,45.9,1.3,1511,0.9328703703703702,41.6527,42.8187,41.2329,43.6583
2024-07-10,1759872,79296817,44.8,45.5,44.5,45.1,-0.8,1283,0.9328703703703702,41.7926,42.0725,41.5127,42.4456
2024-07-11,1162120,52339141,44.95,45.45,44.85,44.85,-0.25,750,0.9328703703703702,41.9325,41.8392,41.8392,42.399
2024-07-12,4254426,196436279,44.9,47.0,44.9,45.9,1.05,2752,0.9328703703703702,41.8859,42.8187,41.8859,43.8449
2024-07-15,1664963,75871195,46.3,46.4,45.1,45.2,-0.7,1217,0.9328703703703702,43.1919,42.1657,42.0725,43.2852
2024-07-16,1793685,80594632,45.45,45.6,44.45,44.45,-0.75,1147,0.9328703703703702,42.399,41.4661,41.4661,42.5389
2024-07-17,1665724,75640686,45.05,46.25,44.9,44.9,0.45,1149,0.9328703703703702,42.0258,41.8859,41.8859,43.1453
2024-07-18,1008457,45026361,44.95,45.15,44.45,44.5,-0.4,845,0.9328703703703702,41.9325,41.5127,41.4661,42.1191
2024-07-19,2655383,116636861,45.0,45.05,43.1,43.1,-1.4,1577,0.9328703703703702,41.9792,40.2067,40.2067,42.0258
2024-07-22,1555279,66226122,43.1,43.7,42.05,42.3,-0.8,925,0.9328703703703702,40.2067,39.4604,39.2272,40.7664
2024-07-23,779367,33542317,42.9,43.5,42.65,43.2,0.9,597,0.9328703703703702,40.0201,40.3,39.7869,40.5799
2024-07-26,505795,21709744,42.15,43.5,42.15,43.0,-0.2,496,0.9328703703703702,39.3205,40.1134,39.3205,40.5799
2024-07-29,1337535,56761600,43.7,43.7,41.65,41.65,-1.35,771,0.9328703703703702,40.7664,38.8541,38.8541,40.7664
2024-07-30,1316883,54531591,41.75,42.0,40.8,42.0,0.35,831,0.9328703703703702,38.9473,39.1806,38.0611,39.1806
2024-07-31,618590,25625301,41.7,42.25,41.1,41.1,-0.9,729,0.9328703703703702,38.9007,38.341,38.341,39.4138
2024-08-01,462073,19401469,41.4,42.3,41.4,42.2,1.1,394,0.9328703703703702,38.6208,39.3671,38.6208,39.4604
2024-08-02,790713,32597798,41.5,41.95,40.6,40.6,-1.6,695,0.9328703703703702,38.7141,37.8745,37.8745,39.1339
2024-08-05,1513732,55886819,39.5,39.5,36.55,36.55,-4.05,1075,0.9328703703703702,36.8484,34.0964,34.0964,36.8484
2024-08-06,2556265,91229536,36.65,37.35,33.05,36.45,-0.1,1583,0.9328703703703702,34.1897,34.0031,30.8314,34.8427
2024-08-07,797027,30435370,36.7,38.8,36.7,38.4,1.95,756,0.9328703703703702,34.2363,35.8222,34.2363,36.1954
2024-08-08,756376,28326827,37.6,38.1,36.9,37.15,-1.25,712,0.9328703703703702,35.0759,34.6561,34.4229,35.5424
2024-08-09,2077144,83747073,39.95,40.85,38.8,40.85,3.7,1334,0.9328703703703702,37.2682,38.1078,36.1954,38.1078
2024-08-12,1971004,81098661,41.7,41.8,40.7,41.0,0.15,1360,0.9328703703703702,38.9007,38.2477,37.9678,38.994
2024-08-13,1716390,70445842,39.85,42.1,39.85,42.0,1.0,1011,0.9328703703703702,37.1749,39.1806,37.1749,39.2738
2024-08-14,3455089,149491095,43.25,43.95,42.8,43.35,1.35,2167,0.9328703703703702,40.3466,40.4399,39.9269,40.9997
2024-08-15,1183293,51228774,43.7,43.9,42.9,42.95,-0.4,889,0.9328703703703702,40.7664,40.0668,40.0201,40.953
2024-08-16,978384,42182040,43.4,43.55,42.75,43.05,0.1,840,0.9328703703703702,40.4866,40.1601,39.8802,40.6265
2024-08-19,828384,35228578,42.95,42.95,42.15,42.15,-0.9,643,0.9328703703703702,40.0668,39.3205,39.3205,40.0668
2024-08-20,965402,41323691,42.6,43.4,42.15,42.45,0.3,589,0.9328703703703702,39.7403,39.6003,39.3205,40.4866
2024-08-21,626686,26525042,42.35,43.0,41.9,41.9,-0.55,535,0.9328703703703702,39.5071,39.0873,39.0873,40.1134
2024-08-22,480929,20053296,42.1,42.45,41.2,41.25,-0.65,416,0.9328703703703702,39.2738,38.4809,38.4343,39.6003
2024-08-23,561143,23223489,41.25,41.75,41.0,41.65,0.4,372,0.9328703703703702,38.4809,38.8541,38.2477,38.9473
2024-08-26,355146,14830977,41.5,42.0,41.5,41.55,-0.1,450,0.9328703703703702,38.7141,38.7608,38.7141,39.1806
2024-08-27,588967,24540417,41.8,42.0,41.4,41.6,0.05,399,0.9328703703703702,38.994,38.8074,38.6208,39.1806
2024-08-28,1303776,53037852,40.85,41.1,40.3,40.3,0.0,871,0.9629629629629629,39.337,38.8074,38.8074,39.5778
2024-08-29,1002020,40735482,40.3,41.2,40.15,40.35,0.05,625,0.9629629629629629,38.8074,38.8556,38.663,39.6741
2024-08-30,580320,23380603,40.55,40.7,40.05,40.15,-0.2,488,0.9629629629629629,39.0481,38.663,38.5667,39.1926
2024-09-02,503951,20392459,40.2,40.95,40.0,40.3,0.15,322,0.9629629629629629,38.7111,38.8074,38.5185,39.4333
2024-09-03,732909,29453355,40.35,40.8,39.0,39.85,-0.45,505,0.9629629629629629,38.8556,38.3741,37.5556,39.2889
2024-09-04,944344,35749924,38.35,38.65,36.95,37.65,-2.2,780,0.9629629629629629,36.9296,36.2556,35.5815,37.2185
2024-09-05,564578,21600474,38.0,38.8,37.7,37.7,0.05,393,0.9629629629629629,36.5926,36.3037,36.3037,37.363
2024-09-06,200312,7567466,38.0,38.0,37.45,37.7,0.0,186,0.9629629629629629,36.5926,36.3037,36.063,36.5926
2024-09-09,718016,26886331,37.0,38.1,37.0,37.6,-0.1,523,0.9629629629629629,35.6296,36.2074,35.6296,36.6889
2024-09-10,1416403,52465001,37.45,38.05,36.45,36.5,-1.1,807,0.9629629629629629,36.063,35.1481,35.1,36.6407
2024-09-11,248141,9076393,36.55,36.9,36.45,36.45,-0.05,263,0.9629629629629629,35.1963,35.1,35.1,35.5333
2024-09-12,148458,5472036,36.7,37.1,36.7,36.8,0.35,282,0.9629629629629629,35.3407,35.437,35.3407,35.7259
2024-09-13,131922,4877227,37.0,37.1,36.85,36.9,0.1,211,0.9629629629629629,35.6296,35.5333,35.4852,35.7259
2024-09-16,256248,9576858,36.95,37.6,36.95,37.2,0.3,300,0.9629629629629629,35.5815,35.8222,35.5815,36.2074
2024-09-18,227607,8568732,37.2,38.0,37.2,37.4,0.2,248,0.9629629629629629,35.8222,36.0148,35.8222,36.5926
2024-09-19,238529,9013797,37.75,37.95,37.5,37.75,0.35,200,0.9629629629629629,36.3519,36.3519,36.1111,36.5444
2024-09-20,380577,14437419,38.05,38.3,37.55,37.55,-0.2,268,0.9629629629629629,36.6407,36.1593,36.1593,36.8815
2024-09-23,259069,9868821,37.6,38.25,37.6,38.15,0.6,209,0.9629629629629629,36.2074,36.737,36.2074,36.8333
2024-09-24,292561,11071894,38.15,38.4,37.5,37.8,-0.35,210,0.9629629629629629,36.737,36.4,36.1111,36.9778
2024-09-25,358300,13769142,38.4,38.6,38.2,38.45,0.65,273,0.9629629629629629,36.9778,37.0259,36.7852,37.1704
2024-09-26,471468,18195809,38.55,39.1,38.0,38.0,-0.45,452,0.9629629629629629,37.1222,36.5926,36.5926,37.6519
2024-09-27,446627,17223230,38.7,38.9,38.0,38.75,0.75,359,0.9629629629629629,37.2667,37.3148,36.5926,37.4593
2024-09-30,206157,7898536,38.65,38.75,38.1,38.2,-0.55,225,0.9629629629629629,37.2185,36.7852,36.6889,37.3148
2024-10-01,354420,13491021,38.05,38.4,37.95,37.95,-0.25,239,0.9629629629629629,36.6407,36.5444,36.5444,36.9778
2024-10-04,327666,12371478,38.05,38.15,37.55,37.55,-0.4,239,0.9629629629629629,36.6407,36.1593,36.1593,36.737
2024-10-07,224950,8584248,37.7,38.4,37.7,38.1,0.55,195,0.9629629629629629,36.3037,36.6889,36.3037,36.9778
2024-10-08,507673,19216617,38.0,38.25,37.55,37.55,-0.55,309,0.9629629629629629,36.5926,36.1593,36.1593,36.8333
2024-10-09,1305806,48441386,37.6,37.75,36.0,36.0,-1.55,751,0.9629629629629629,36.2074,34.6667,34.6667,36.3519
2024-10-11,328491,11844113,36.25,36.45,35.75,35.75,-0.25,277,0.9629629629629629,34.9074,34.4259,34.4259,35.1
2024-10-14,220895,7952850,35.95,36.2,35.75,36.05,0.3,168,0.9629629629629629,34.6185,34.7148,34.4259,34.8593
2024-10-15,495735,17849839,36.25,36.25,35.6,35.6,-0.45,390,0.9629629629629629,34.9074,34.2815,34.2815,34.9074
2024-10-16,658435,23371004,35.75,35.75,35.0,35.65,0.05,439,0.9629629629629629,34.4259,34.3296,33.7037,34.4259
2024-10-17,839073,30081392,35.9,36.25,35.55,35.6,-0.05,418,0.9629629629629629,34.5704,34.2815,34.2333,34.9074
2024-10-18,889341,31574501,35.65,36.0,35.05,35.05,-0.55,548,0.9629629629629629,34.3296,33.7519,33.7519,34.6667
2024-10-21,418743,14806499,35.15,35.6,35.05,35.3,0.25,292,0.9629629629629629,33.8481,33.9926,33.7519,34.2815
2024-10-22,188863,6667000,35.35,35.65,35.15,35.2,-0.1,155,0.9629629629629629,34.0407,33.8963,33.8481,34.3296
2024-10-23,683787,24716184,35.3,36.8,35.3,36.3,1.1,400,0.9629629629629629,33.9926,34.9556,33.9926,35.437
2024-10-24,596895,21382777,36.0,36.35,35.35,35.35,-0.95,421,0.9629629629629629,34.6667,34.0407,34.0407,35.0037
2024-10-25,416913,14837590,35.45,35.8,35.4,35.4,0.05,227,0.9629629629629629,34.137,34.0889,34.0889,34.4741
2024-10-28,559020,19788867,35.4,36.0,35.1,35.2,-0.2,282,0.9629629629629629,34.0889,33.8963,33.8,34.6667
2024-10-29,1320379,45808361,35.2,35.65,34.1,34.1,-1.1,560,0.9629629629629629,33.8963,32.837,32.837,34.3296
2024-10-30,687836,23647941,34.5,34.65,34.2,34.2,0.1,294,0.9629629629629629,33.2222,32.9333,32.9333,33.3667
2024-11-01,593292,20598881,34.1,35.2,34.0,35.15,0.95,333,0.9629629629629629,32.837,33.8481,32.7407,33.8963
2024-11-04,900584,31690815,35.15,35.75,34.55,34.55,-0.6,429,0.9629629629629629,33.8481,33.2704,33.2704,34.4259
2024-11-05,207437,7239552,34.55,35.15,34.55,35.0,0.45,178,0.9629629629629629,33.2704,33.7037,33.2704,33.8481
2024-11-06,843743,29624989,35.0,35.4,34.8,34.8,-0.2,335,0.9629629629629629,33.7037,33.5111,33.5111,34.0889
2024-11-07,969206,34644355,35.0,36.0,35.0,35.75,0.95,482,0.9629629629629629,33.7037,34.4259,33.7037,34.6667
2024-11-08,1033296,36671449,35.8,36.2,34.8,34.8,-0.95,571,0.9629629629629629,34.4741,33.5111,33.5111,34.8593
2024-11-11,376236,13266881,35.4,35.7,34.8,35.7,0.9,258,0.9629629629629629,34.0889,34.3778,33.5111,34.3778
2024-11-12,699602,25117705,35.7,36.3,35.35,36.3,0.6,393,0.9629629629629629,34.3778,34.9556,34.0407,34.9556
2024-11-13,2337112,86370010,36.4,37.45,36.2,37.2,0.9,1639,0.9629629629629629,35.0519,35.8222,34.8593,36.063
2024-11-14,3042788,112466203,37.4,37.45,36.45,37.0,-0.2,1404,0.9629629629629629,36.0148,35.6296,35.1,36.063
2024-11-15,892192,33624626,37.1,38.0,36.85,37.75,0.75,723,0.9629629629629629,35.7259,36.3519,35.4852,36.5926
2024-11-18,668402,25309133,37.5,38.2,37.4,37.7,-0.05,457,0.9629629629629629,36.1111,36.3037,36.0148,36.7852
2024-11-19,358864,13607399,38.25,38.25,37.6,38.0,0.3,285,0.9629629629629629,36.8333,36.5926,36.2074,36.8333
2024-11-20,250567,9540292,38.2,38.3,37.85,38.0,0.0,208,0.9629629629629629,36.7852,36.5926,36.4481,36.8815
2024-11-21,243317,9229581,38.0,38.2,37.7,37.85,-0.15,150,0.9629629629629629,36.5926,36.4481,36.3037,36.7852
2024-11-22,397108,15153816,37.8,38.45,37.8,38.0,0.15,369,0.9629629629629629,36.4,36.5926,36.4,37.0259
2024-11-25,273429,10446424,38.3,38.45,38.05,38.1,0.1,196,0.9629629629629629,36.8815,36.6889,36.6407,37.0259
2024-11-26,298140,11408277,38.05,38.45,38.0,38.15,0.05,201,0.9629629629629629,36.6407,36.737,36.5926,37.0259
2024-11-27,396581,14977081,38.15,38.4,37.2,37.2,-0.95,438,0.9629629629629629,36.737,35.8222,35.8222,36.9778
2024-11-28,301829,11208625,37.45,37.5,36.5,37.3,0.1,273,0.9629629629629629,36.063,35.9185,35.1481,36.1111
2024-11-29,196654,7383152,37.3,37.85,37.1,37.5,0.2,152,0.9629629629629629,35.9185,36.1111,35.7259,36.4481
2024-12-02,229815,8620404,37.95,37.95,37.15,37.35,-0.15,290,0.9629629629629629,36.5444,35.9667,35.7741,36.5444
2024-12-03,177747,6714013,37.7,37.95,37.4,37.65,0.3,240,0.9629629629629629,36.3037,36.2556,36.0148,36.5444
2024-12-04,442498,16740258,37.9,38.05,37.6,37.7,0.05,303,0.9629629629629629,36.4963,36.3037,36.2074,36.6407
2024-12-05,252322,9459700,37.95,37.95,37.15,37.15,-0.55,406,0.9629629629629629,36.5444,35.7741,35.7741,36.5444
2024-12-06,327577,12431324,37.75,38.25,37.6,37.7,0.55,424,0.9629629629629629,36.3519,36.3037,36.2074,36.8333
2024-12-09,254692,9600018,38.05,38.05,37.25,37.7,0.0,208,0.9629629629629629,36.6407,36.3037,35.8704,36.6407
2024-12-10,572471,21852525,38.05,38.55,37.85,37.85,0.15,475,0.9629629629629629,36.6407,36.4481,36.4481,37.1222
2024-12-11,290302,10967652,38.1,38.15,37.25,37.25,-0.6,362,0.9629629629629629,36.6889,35.8704,35.8704,36.737
2024-12-12,240644,9023983,37.75,38.0,37.25,37.25,0.0,136,0.9629629629629629,36.3519,35.8704,35.8704,36.5926
2024-12-13,484504,17970162,37.1,37.65,36.75,36.75,-0.5,459,0.9629629629629629,35.7259,35.3889,35.3889,36.2556
2024-12-16,320715,11632114,36.9,37.2,35.55,35.55,-1.2,750,0.9629629629629629,35.5333,34.2333,34.2333,35.8222
2024-12-17,190758,6812003,35.75,35.85,35.55,35.65,0.1,329,0.9629629629629629,34.4259,34.3296,34.2333,34.5222
2024-12-18,162369,5804792,35.65,35.95,35.4,35.95,0.3,230,0.9629629629629629,34.3296,34.6185,34.0889,34.6185
2024-12-19,407861,14494971,35.45,35.95,35.3,35.45,-0.5,275,0.9629629629629629,34.137,34.137,33.9926,34.6185
2024-12-20,164413,5828970,35.35,35.65,35.3,35.35,-0.1,161,0.9629629629629629,34.0407,34.0407,33.9926,34.3296
2024-12-23,192185,6890872,35.45,36.1,35.45,35.95,0.6,184,0.9629629629629629,34.137,34.6185,34.137,34.763
2024-12-24,190809,6852885,36.0,36.2,35.7,35.7,-0.25,171,0.9629629629629629,34.6667,34.3778,34.3778,34.8593
2024-12-25,261510,9456406,36.05,36.5,35.75,36.2,0.5,187,0.9629629629629629,34.7148,34.8593,34.4259,35.1481
2024-12-26,200015,7352871,36.85,36.9,36.3,36.65,0.45,253,0.9629629629629629,35.4852,35.2926,34.9556,35.5333
2024-12-27,62923,2301264,37.2,37.2,36.15,36.5,-0.15,163,0.9629629629629629,35.8222,35.1481,34.8111,35.8222
2024-12-30,114925,4168743,36.45,36.6,36.05,36.2,-0.3,113,0.9629629629629629,35.1,34.8593,34.7148,35.2444
2024-12-31,111215,4005993,36.45,36.45,35.85,36.1,-0.1,126,0.9629629629629629,35.1,34.763,34.5222,35.1
2025-01-02,128842,4650383,35.9,36.3,35.7,36.0,-0.1,105,0.9629629629629629,34.5704,34.6667,34.3778,34.9556
2025-01-03,147264,5281077,36.05,36.45,35.55,35.55,-0.45,207,0.9629629629629629,34.7148,34.2333,34.2333,35.1
2025-01-06,460292,16605182,35.9,36.5,35.6,35.9,0.35,317,0.9629629629629629,34.5704,34.5704,34.2815,35.1481
2025-01-07,352145,12506133,36.35,36.35,35.1,35.1,-0.8,297,0.9629629629629629,35.0037,33.8,33.8,35.0037
2025-01-08,214950,7529411,35.1,35.3,34.8,35.15,0.05,162,0.9629629629629629,33.8,33.8481,33.5111,33.9926
2025-01-09,490220,17083519,35.55,35.8,34.25,34.25,-0.9,291,0.9629629629629629,34.2333,32.9815,32.9815,34.4741
2025-01-10,238695,8261425,34.35,35.2,34.3,34.6,0.35,308,0.9629629629629629,33.0778,33.3185,33.0296,33.8963
2025-01-13,515354,17331203,34.3,34.35,33.15,33.4,-1.2,402,0.9629629629629629,33.0296,32.163,31.9222,33.0778
2025-01-14,158759,5391764,33.5,34.2,33.5,33.95,0.55,147,0.9629629629629629,32.2593,32.6926,32.2593,32.9333
2025-01-15,128439,4378804,33.85,34.4,33.85,34.0,0.05,126,0.9629629629629629,32.5963,32.7407,32.5963,33.1259
2025-01-16,80705,2776763,34.4,34.45,34.3,34.4,0.4,125,0.9629629629629629,33.1259,33.1259,33.0296,33.1741
2025-01-17,39331,1353603,34.5,34.55,34.3,34.4,0.0,67,0.9629629629629629,33.2222,33.1259,33.0296,33.2704
2025-01-20,84351,2905494,34.45,34.75,34.1,34.6,0.2,93,0.9629629629629629,33.1741,33.3185,32.837,33.463
2025-01-21,31084,1076893,35.0,35.0,34.5,34.6,0.0,92,0.9629629629629629,33.7037,33.3185,33.2222,33.7037
2025-01-22,61311,2132474,35.0,35.0,34.55,34.9,0.3,125,0.9629629629629629,33.7037,33.6074,33.2704,33.7037
2025-02-03,112966,3897967,34.75,34.9,34.2,34.55,-0.35,162,0.9629629629629629,33.463,33.2704,32.9333,33.6074
2025-02-04,118609,4080446,34.55,34.65,34.2,34.2,-0.35,97,0.9629629629629629,33.2704,32.9333,32.9333,33.3667
2025-02-05,196607,6810927,34.2,34.95,34.2,34.85,0.65,186,0.9629629629629629,32.9333,33.5593,32.9333,33.6556
2025-02-06,153373,5367721,34.9,35.2,34.8,35.2,0.35,161,0.9629629629629629,33.6074,33.8963,33.5111,33.8963
2025-02-07,51696,1817459,35.3,35.3,35.0,35.25,0.05,136,0.9629629629629629,33.9926,33.9444,33.7037,33.9926
2025-02-10,194906,6881694,34.5,35.65,34.5,35.5,0.25,194,0.9629629629629629,33.2222,34.1852,33.2222,34.3296
2025-02-11,138009,4888191,35.95,35.95,35.2,35.3,-0.2,295,0.9629629629629629,34.6185,33.9926,33.8963,34.6185
2025-02-12,94472,3336541,35.2,35.5,35.1,35.35,0.05,138,0.9629629629629629,33.8963,34.0407,33.8,34.1852
2025-02-13,263824,9494807,35.8,36.2,35.75,36.05,0.7,394,0.9629629629629629,34.4741,34.7148,34.4259,34.8593
2025-02-14,222325,8091848,36.45,36.6,36.05,36.55,0.5,259,0.9629629629629629,35.1,35.1963,34.7148,35.2444
2025-02-17,257897,9455239,36.95,37.15,36.4,36.55,0.0,438,0.9629629629629629,35.5815,35.1963,35.0519,35.7741
2025-02-18,127908,4635030,36.5,36.5,36.05,36.05,-0.5,148,0.9629629629629629,35.1481,34.7148,34.7148,35.1481
2025-02-19,62142,2248944,36.05,36.3,36.05,36.2,0.15,123,0.9629629629629629,34.7148,34.8593,34.7148,34.9556
2025-02-20,1776999,67365487,36.7,38.9,36.45,37.9,1.7,1493,0.9629629629629629,35.3407,36.4963,35.1,37.4593
2025-02-21,1255986,47514917,38.25,38.65,37.1,37.15,-0.75,1499,0.9629629629629629,36.8333,35.7741,35.7259,37.2185
2025-02-24,152166,5678950,37.0,37.55,37.0,37.3,0.15,292,0.9629629629629629,35.6296,35.9185,35.6296,36.1593
2025-02-25,174550,6544002,37.25,37.7,37.25,37.35,0.05,172,0.9629629629629629,35.8704,35.9667,35.8704,36.3037
2025-02-26,613781,23342314,37.45,38.75,37.4,37.55,0.2,445,0.9629629629629629,36.063,36.1593,36.0148,37.3148
2025-02-27,261538,9729474,37.95,38.0,36.7,36.8,-0.75,395,0.9629629629629629,36.5444,35.437,35.3407,36.5926
2025-03-03,133076,4835340,36.2,36.6,36.2,36.25,-0.55,193,0.9629629629629629,34.8593,34.9074,34.8593,35.2444
2025-03-04,86500,3129155,36.05,36.5,35.9,36.45,0.2,91,0.9629629629629629,34.7148,35.1,34.5704,35.1481
2025-03-05,200284,7406788,36.35,37.35,36.35,37.25,0.8,219,0.9629629629629629,35.0037,35.8704,35.0037,35.9667
2025-03-06,547588,20210579,37.5,37.7,36.25,36.25,-1.0,514,0.9629629629629629,36.1111,34.9074,34.9074,36.3037
2025-03-07,249034,9077438,36.3,36.75,36.05,36.2,-0.05,166,0.9629629629629629,34.9556,34.8593,34.7148,35.3889
2025-03-10,405566,15122428,37.5,37.55,36.95,37.5,1.3,319,0.9629629629629629,36.1111,36.1111,35.5815,36.1593
2025-03-11,293005,10754252,37.05,37.15,36.25,37.0,-0.5,387,0.9629629629629629,35.6778,35.6296,34.9074,35.7741
2025-03-12,224515,8357721,37.0,37.45,36.85,37.4,0.4,187,0.9629629629629629,35.6296,36.0148,35.4852,36.063
2025-03-13,341330,12718563,37.8,37.8,36.65,36.65,-0.75,343,0.9629629629629629,36.4,35.2926,35.2926,36.4
2025-03-14,297173,11061960,37.0,37.45,36.9,37.4,0.75,293,0.9629629629629629,35.6296,36.0148,35.5333,36.063
2025-03-17,186945,6978587,37.7,37.75,37.0,37.0,-0.4,209,0.9629629629629629,36.3037,35.6296,35.6296,36.3519
2025-03-18,80041,2972113,37.1,37.25,37.0,37.25,0.25,90,0.9629629629629629,35.7259,35.8704,35.6296,35.8704
2025-03-19,84800,3161170,37.45,37.45,37.1,37.3,0.05,77,0.9629629629629629,36.063,35.9185,35.7259,36.063
2025-03-20,210380,7917076,37.5,37.75,37.4,37.7,0.4,209,0.9629629629629629,36.1111,36.3037,36.0148,36.3519
2025-03-21,161460,6087474,37.95,37.95,37.4,37.5,-0.2,225,0.9629629629629629,36.5444,36.1111,36.0148,36.5444
2025-03-24,178896,6764037,37.6,38.1,37.6,37.8,0.3,227,0.9629629629629629,36.2074,36.4,36.2074,36.6889
2025-03-25,274910,10393696,38.25,38.25,37.45,37.65,-0.15,231,0.9629629629629629,36.8333,36.2556,36.063,36.8333
2025-03-26,1176412,45363355,37.85,38.95,37.85,38.15,0.5,800,0.9629629629629629,36.4481,36.737,36.4481,37.5074
2025-03-27,1244297,47987687,38.55,39.0,38.05,38.25,0.1,966,0.9629629629629629,37.1222,36.8333,36.6407,37.5556
2025-03-28,1138475,42626422,38.5,38.5,36.8,36.8,-1.45,766,0.9629629629629629,37.0741,35.437,35.437,37.0741
2025-03-31,820868,28617073,35.8,36.15,34.1,34.35,-2.45,658,0.9629629629629629,34.4741,33.0778,32.837,34.8111
2025-04-01,361046,12422683,34.35,34.65,34.05,34.65,0.3,296,0.9629629629629629,33.0778,33.3667,32.7889,33.3667
2025-04-02,170358,5936371,34.75,35.25,34.5,34.8,0.15,177,0.9629629629629629,33.463,33.5111,33.2222,33.9444
2025-04-07,89715,2812548,31.35,31.35,31.35,31.35,-3.45,104,0.9629629629629629,30.1889,30.1889,30.1889,30.1889
2025-04-08,1307920,37309737,28.5,29.5,28.25,28.6,-2.75,792,0.9629629629629629,27.4444,27.5407,27.2037,28.4074
2025-04-09,1577223,41835352,28.55,28.55,25.75,25.75,-2.85,739,0.9629629629629629,27.4926,24.7963,24.7963,27.4926
2025-04-10,120486,3409749,28.3,28.3,28.3,28.3,2.55,77,0.9629629629629629,27.2519,27.2519,27.2519,27.2519
2025-04-11,722543,20917299,28.0,29.8,27.3,29.75,1.45,473,0.9629629629629629,26.963,28.6481,26.2889,28.6963
2025-04-14,452296,13879723,30.25,31.5,30.05,30.45,0.7,424,0.9629629629629629,29.1296,29.3222,28.937,30.3333
2025-04-15,311703,9865193,30.8,32.25,30.8,32.0,1.55,247,0.9629629629629629,29.6593,30.8148,29.6593,31.0556
2025-04-16,321958,10452821,31.9,33.3,31.6,32.15,0.15,327,0.9629629629629629,30.7185,30.9593,30.4296,32.0667
2025-04-17,412456,13607207,32.3,33.45,32.3,32.95,0.8,317,0.9629629629629629,31.1037,31.7296,31.1037,32.2111
2025-04-18,147682,4882104,33.25,33.25,32.7,33.1,0.15,112,0.9629629629629629,32.0185,31.8741,31.4889,32.0185
2025-04-21,179558,5873251,33.2,33.2,32.35,32.35,-0.75,158,0.9629629629629629,31.9704,31.1519,31.1519,31.9704
2025-04-22,190549,6111555,32.0,32.55,31.75,32.15,-0.2,164,0.9629629629629629,30.8148,30.9593,30.5741,31.3444
2025-04-23,229442,7589032,32.4,33.4,32.4,32.95,0.8,215,0.9629629629629629,31.2,31.7296,31.2,32.163
2025-04-24,187269,6195926,33.0,33.35,32.7,32.7,-0.25,147,0.9629629629629629,31.7778,31.4889,31.4889,32.1148
2025-04-25,252848,8355245,33.15,33.25,32.8,32.8,0.1,303,0.9629629629629629,31.9222,31.5852,31.5852,32.0185
2025-04-28,168888,5592815,33.2,33.3,32.95,33.2,0.4,114,0.9629629629629629,31.9704,31.9704,31.7296,32.0667
2025-04-29,203151,6832176,33.25,33.9,33.25,33.75,0.55,158,0.9629629629629629,32.0185,32.5,32.0185,32.6444
2025-04-30,103621,3493400,33.85,34.0,33.55,33.65,-0.1,90,0.9629629629629629,32.5963,32.4037,32.3074,32.7407
2025-05-02,253843,8724089,34.15,34.8,34.05,34.1,0.45,230,0.9629629629629629,32.8852,32.837,32.7889,33.5111
2025-05-05,1289975,45974210,34.5,36.55,34.4,36.25,2.15,1010,0.9629629629629629,33.2222,34.9074,33.1259,35.1963
2025-05-06,842987,30073125,35.8,36.2,35.35,35.5,-0.75,600,0.9629629629629629,34.4741,34.1852,34.0407,34.8593
2025-05-07,201497,7153192,35.6,35.9,35.35,35.6,0.1,175,0.9629629629629629,34.2815,34.2815,34.0407,34.5704
2025-05-08,180268,6436201,35.8,35.9,35.6,35.65,0.05,198,0.9629629629629629,34.4741,34.3296,34.2815,34.5704
2025-05-09,173302,6179022,36.1,36.1,35.4,35.8,0.15,159,0.9629629629629629,34.763,34.4741,34.0889,34.763
2025-05-12,417791,15241047,36.2,36.8,36.15,36.6,0.8,319,0.9629629629629629,34.8593,35.2444,34.8111,35.437
2025-05-13,388530,14343841,37.4,37.65,36.55,37.0,0.4,370,0.9629629629629629,36.0148,35.6296,35.1963,36.2556
2025-05-14,378862,13859227,36.75,37.05,36.2,36.5,-0.5,567,0.9629629629629629,35.3889,35.1481,34.8593,35.6778
2025-05-15,714307,26825452,36.5,38.2,36.5,37.55,1.05,751,0.9629629629629629,35.1481,36.1593,35.1481,36.7852
2025-05-16,777770,29753505,37.9,38.8,37.8,37.9,0.35,631,0.9629629629629629,36.4963,36.4963,36.4,37.363
2025-05-19,390671,14898520,38.2,38.55,37.65,37.65,-0.25,367,0.9629629629629629,36.7852,36.2556,36.2556,37.1222
2025-05-20,378078,14493067,38.0,38.65,37.85,38.4,0.75,362,0.9629629629629629,36.5926,36.9778,36.4481,37.2185
2025-05-21,222377,8511373,38.8,38.8,38.0,38.4,0.0,406,0.9629629629629629,37.363,36.9778,36.5926,37.363
2025-05-22,301435,11491716,38.4,38.6,37.75,38.0,-0.4,235,0.9629629629629629,36.9778,36.5926,36.3519,37.1704
2025-05-23,257659,9858532,38.4,38.55,37.9,38.3,0.3,215,0.9629629629629629,36.9778,36.8815,36.4963,37.1222
2025-05-26,143614,5490543,38.2,38.4,38.0,38.4,0.1,142,0.9629629629629629,36.7852,36.9778,36.5926,36.9778
2025-05-27,537879,20805881,38.6,39.4,37.85,37.95,-0.45,644,0.9629629629629629,37.1704,36.5444,36.4481,37.9407
2025-05-28,201052,7612374,38.75,38.75,37.6,37.95,0.0,145,0.9629629629629629,37.3148,36.5444,36.2074,37.3148
2025-05-29,405279,15100453,38.65,38.65,37.0,37.4,-0.55,306,0.9629629629629629,37.2185,36.0148,35.6296,37.2185
2025-06-02,337044,12275640,36.8,36.85,36.1,36.1,-1.3,261,0.9629629629629629,35.437,34.763,34.763,35.4852
2025-06-03,131199,4804679,36.35,36.9,36.2,36.9,0.8,109,0.9629629629629629,35.0037,35.5333,34.8593,35.5333
2025-06-04,148530,5528938,36.9,37.5,36.85,37.15,0.25,104,0.9629629629629629,35.5333,35.7741,35.4852,36.1111
2025-06-05,128267,4754574,37.05,37.3,36.9,37.1,-0.05,119,0.9629629629629629,35.6778,35.7259,35.5333,35.9185
2025-06-06,340519,12862782,37.15,38.3,37.1,37.85,0.75,257,0.9629629629629629,35.7741,36.4481,35.7259,36.8815
2025-06-09,206483,7838880,38.1,38.4,37.7,37.95,0.1,167,0.9629629629629629,36.6889,36.5444,36.3037,36.9778
2025-06-10,608053,22235780,37.0,37.05,36.25,36.55,-1.4,442,0.9629629629629629,35.6296,35.1963,34.9074,35.6778
2025-06-11,267857,9882992,36.6,37.15,36.6,37.05,0.5,200,0.9629629629629629,35.2444,35.6778,35.2444,35.7741
2025-06-12,649798,24777602,37.05,38.65,37.05,37.9,0.85,497,0.9629629629629629,35.6778,36.4963,35.6778,37.2185
2025-06-13,593172,22540757,38.0,38.65,37.55,38.0,0.1,402,0.9629629629629629,36.5926,36.5926,36.1593,37.2185
2025-06-16,3330846,133420410,38.25,40.8,37.95,40.8,2.8,2357,0.9629629629629629,36.8333,39.2889,36.5444,39.2889
2025-06-17,4198563,171971643,42.0,42.15,40.1,40.85,0.05,2812,0.9629629629629629,40.4444,39.337,38.6148,40.5889
2025-06-18,1871130,77288372,41.0,41.8,40.4,41.6,0.75,1269,0.9629629629629629,39.4815,40.0593,38.9037,40.2519
2025-06-19,1756856,72494525,41.65,42.2,40.55,40.8,-0.8,1087,0.9629629629629629,40.1074,39.2889,39.0481,40.637
2025-06-20,941712,37743732,40.5,40.7,39.5,40.15,-0.65,696,0.9629629629629629,39.0,38.663,38.037,39.1926
2025-06-23,422734,16811227,39.65,40.15,39.15,39.9,-0.25,323,0.9629629629629629,38.1815,38.4222,37.7,38.663
2025-06-24,512652,20624055,40.9,40.9,39.75,40.3,0.4,512,0.9629629629629629,39.3852,38.8074,38.2778,39.3852
2025-06-25,603076,24027894,40.5,40.8,39.6,39.65,-0.65,599,0.9629629629629629,39.0,38.1815,38.1333,39.2889
2025-06-26,534326,21308296,39.95,40.3,39.45,39.7,0.05,363,0.9629629629629629,38.4704,38.2296,37.9889,38.8074
2025-06-27,606461,23868128,39.65,39.65,39.05,39.45,-0.25,474,0.9629629629629629,38.1815,37.9889,37.6037,38.1815
2025-06-30,409640,15921703,39.7,39.75,38.5,38.5,-0.95,363,0.9629629629629629,38.2296,37.0741,37.0741,38.2778
2025-07-01,231148,9026240,39.0,39.4,38.8,39.0,0.5,210,0.9629629629629629,37.5556,37.5556,37.363,37.9407
2025-07-02,231094,8975088,38.5,39.2,38.5,39.0,0.0,216,0.9629629629629629,37.0741,37.5556,37.0741,37.7481
2025-07-03,188671,7351238,38.75,39.2,38.75,39.0,0.0,232,0.9629629629629629,37.3148,37.5556,37.3148,37.7481
2025-07-04,574581,21810853,38.85,39.25,37.55,37.9,-1.1,533,0.9629629629629629,37.4111,36.4963,36.1593,37.7963
2025-07-07,221725,8409112,37.7,38.35,37.5,37.85,-0.05,197,0.9629629629629629,36.3037,36.4481,36.1111,36.9296
2025-07-08,323411,12080638,37.5,37.65,36.95,37.6,-0.25,250,0.9629629629629629,36.1111,36.2074,35.5815,36.2556
2025-07-09,466555,17756039,38.5,39.2,37.6,37.85,0.25,372,0.9629629629629629,37.0741,36.4481,36.2074,37.7481
2025-07-10,341834,13085043,38.7,38.7,37.5,38.15,0.3,212,0.9629629629629629,37.2667,36.737,36.1111,37.2667
2025-07-11,825790,32296699,38.4,39.4,37.7,39.3,1.15,590,0.9629629629629629,36.9778,37.8444,36.3037,37.9407
2025-07-14,246333,9637289,39.3,39.55,38.8,38.95,-0.35,210,0.9629629629629629,37.8444,37.5074,37.363,38.0852
2025-07-15,232536,9082926,38.8,39.35,38.75,39.3,0.35,198,0.9629629629629629,37.363,37.8444,37.3148,37.8926
2025-07-16,342981,13331884,39.15,39.3,38.65,38.7,-0.6,246,0.9629629629629629,37.7,37.2667,37.2185,37.8444
2025-07-17,189448,7357953,38.95,39.1,38.7,38.85,0.15,132,0.9629629629629629,37.5074,37.4111,37.2667,37.6519
2025-07-18,838011,33258880,39.0,40.1,38.7,39.9,1.05,584,0.9629629629629629,37.5556,38.4222,37.2667,38.6148
2025-07-21,352858,14084186,40.35,40.45,39.45,39.55,-0.35,329,0.9629629629629629,38.8556,38.0852,37.9889,38.9519
2025-07-22,688245,26626021,39.6,39.65,38.2,38.2,-1.35,434,0.9629629629629629,38.1333,36.7852,36.7852,38.1815
2025-07-23,391056,15276128,38.3,39.35,38.3,39.0,0.8,267,0.9629629629629629,36.8815,37.5556,36.8815,37.8926
2025-07-24,177032,6860773,39.45,39.45,38.55,38.9,-0.1,147,0.9629629629629629,37.9889,37.4593,37.1222,37.9889
2025-07-25,239599,9217251,38.8,38.8,38.3,38.45,-0.45,142,0.9629629629629629,37.363,37.0259,36.8815,37.363
2025-07-28,107785,4143218,38.5,38.7,38.25,38.4,-0.05,139,0.9629629629629629,37.0741,36.9778,36.8333,37.2667
2025-07-29,179032,6902261,38.15,38.8,38.15,38.4,0.0,208,0.9629629629629629,36.737,36.9778,36.737,37.363
2025-07-30,442163,17226866,38.55,39.4,38.2,39.4,1.0,344,0.9629629629629629,37.1222,37.9407,36.7852,37.9407
2025-07-31,696456,26734243,39.55,39.55,38.0,38.1,-1.3,535,0.9629629629629629,38.0852,36.6889,36.5926,38.0852
2025-08-01,234646,8935878,37.9,38.3,37.75,38.0,-0.1,265,0.9629629629629629,36.4963,36.5926,36.3519,36.8815
2025-08-04,500716,19249101,37.85,39.0,37.1,38.95,0.95,480,0.9629629629629629,36.4481,37.5074,35.7259,37.5556
2025-08-05,375867,14669935,39.15,39.4,38.75,39.0,0.05,222,0.9629629629629629,37.7,37.5556,37.3148,37.9407
2025-08-06,704332,27970495,39.15,39.95,39.15,39.7,0.7,693,0.9629629629629629,37.7,38.2296,37.7,38.4704
2025-08-07,469047,18523260,40.0,40.0,39.0,39.8,0.1,306,0.9629629629629629,38.5185,38.3259,37.5556,38.5185
2025-08-08,205183,8139757,39.55,39.9,39.5,39.65,-0.15,255,0.9629629629629629,38.0852,38.1815,38.037,38.4222
2025-08-11,455339,17767083,39.65,39.65,38.7,38.85,-0.8,399,0.9629629629629629,38.1815,37.4111,37.2667,38.1815
2025-08-12,404706,15747511,39.2,39.35,38.7,38.85,0.0,420,0.9629629629629629,37.7481,37.4111,37.2667,37.8926
2025-08-13,1331725,53106329,39.95,41.3,39.15,39.5,0.65,884,0.9629629629629629,38.4704,38.037,37.7,39.7704
2025-08-14,1181995,48014576,39.55,41.15,39.55,40.45,0.95,1047,0.9629629629629629,38.0852,38.9519,38.0852,39.6259
2025-08-15,1279195,52311582,40.6,41.2,40.1,41.15,0.7,896,0.9629629629629629,39.0963,39.6259,38.6148,39.6741
2025-08-18,783991,32452274,41.7,41.85,41.0,41.1,-0.05,770,0.9629629629629629,40.1556,39.5778,39.4815,40.3
2025-08-19,444609,18178917,41.35,41.35,40.5,40.75,-0.35,556,0.9629629629629629,39.8185,39.2407,39.0,39.8185
2025-08-20,488230,19559676,40.75,40.75,39.8,39.9,-0.85,725,0.9629629629629629,39.2407,38.4222,38.3259,39.2407
2025-08-21,339035,13536901,40.35,40.35,39.7,39.9,0.0,542,0.9629629629629629,38.8556,38.4222,38.2296,38.8556
2025-08-22,482071,19517098,39.9,40.9,39.8,40.3,0.4,435,0.9629629629629629,38.4222,38.8074,38.3259,39.3852
2025-08-25,450189,18234843,40.65,40.8,40.25,40.35,0.05,421,0.9629629629629629,39.1444,38.8556,38.7593,39.2889
2025-08-26,505183,20155436,40.35,40.4,39.5,39.9,-0.45,411,0.9629629629629629,38.8556,38.4222,38.037,38.9037
2025-08-27,520897,21031597,39.9,40.65,39.85,40.5,0.6,393,0.9629629629629629,38.4222,39.0,38.3741,39.1444
2025-08-28,530771,20979315,39.05,39.8,39.05,39.25,0.0,375,1.0,39.05,39.25,39.05,39.8
2025-08-29,489456,19261926,39.6,39.6,39.1,39.3,0.05,391,1.0,39.6,39.3,39.1,39.6
2025-09-01,1234112,47014977,39.15,39.15,37.55,37.55,-1.75,884,1.0,39.15,37.55,37.55,39.15
2025-09-02,439250,16621515,37.7,38.2,37.6,37.7,0.15,394,1.0,37.7,37.7,37.6,38.2
2025-09-03,243219,9206903,37.75,38.15,37.7,37.95,0.25,169,1.0,37.75,37.95,37.7,38.15
2025-09-04,929965,36512235,38.3,39.65,38.3,39.45,1.5,619,1.0,38.3,39.45,38.3,39.65
2025-09-05,283045,11030928,39.55,39.55,38.65,38.8,-0.65,590,1.0,39.55,38.8,38.65,39.55
2025-09-08,175605,6795418,38.8,39.35,38.25,38.6,-0.2,249,1.0,38.8,38.6,38.25,39.35
2025-09-09,827744,32710041,39.2,40.4,38.85,39.0,0.4,708,1.0,39.2,39.0,38.85,40.4
2025-09-10,890419,34227806,39.0,39.0,37.95,38.6,-0.4,661,1.0,39.0,38.6,37.95,39.0
2025-09-11,2320980,92961481,39.2,40.8,39.2,39.8,1.2,1651,1.0,39.2,39.8,39.2,40.8
2025-09-12,633796,25387700,39.95,40.45,39.7,40.25,0.45,575,1.0,39.95,40.25,39.7,40.45
2025-09-15,874818,35489587,40.45,40.9,39.9,40.65,0.4,583,1.0,40.45,40.65,39.9,40.9
2025-09-16,895693,35636629,40.65,40.65,39.2,39.6,-1.05,1199,1.0,40.65,39.6,39.2,40.65
2025-09-17,289933,11534174,39.4,40.0,39.4,39.6,0.0,267,1.0,39.4,39.6,39.4,40.0
2025-09-18,753305,29536166,39.65,39.65,38.95,39.55,-0.05,866,1.0,39.65,39.55,38.95,39.65
2025-09-19,235319,9222258,39.45,39.5,39.05,39.05,-0.5,764,1.0,39.45,39.05,39.05,39.5
2025-09-22,334029,13023253,39.35,39.35,38.8,39.15,0.1,392,1.0,39.35,39.15,38.8,39.35
2025-09-23,588560,23357468,39.0,40.0,38.95,39.9,0.75,481,1.0,39.0,39.9,38.95,40.0
2025-09-24,521015,20931630,39.9,40.6,39.55,39.85,-0.05,572,1.0,39.9,39.85,39.55,40.6
2025-09-25,2012310,82134615,40.5,41.7,40.05,40.05,0.2,1640,1.0,40.5,40.05,40.05,41.7
2025-09-26,663187,26188631,40.15,40.6,39.0,39.2,-0.85,992,1.0,40.15,39.2,39.0,40.6
2025-09-30,229188,9079571,39.5,39.9,39.2,39.9,0.7,179,1.0,39.5,39.9,39.2,39.9
2025-10-01,338431,13313178,39.65,39.9,39.05,39.15,-0.75,575,1.0,39.65,39.15,39.05,39.9
2025-10-02,337501,13186763,39.65,39.65,38.9,39.1,-0.05,269,1.0,39.65,39.1,38.9,39.65
2025-10-03,272650,10619084,39.1,39.2,38.8,38.9,-0.2,203,1.0,39.1,38.9,38.8,39.2
2025-10-07,896760,35822391,38.95,40.3,38.95,39.9,1.0,533,1.0,38.95,39.9,38.95,40.3
2025-10-08,412149,16506924,39.65,40.4,39.65,40.0,0.1,332,1.0,39.65,40.0,39.65,40.4
2025-10-09,630179,25379823,40.25,40.9,39.65,39.95,-0.05,797,1.0,40.25,39.95,39.65,40.9
2025-10-13,496218,19296171,38.85,39.25,38.5,39.25,-0.7,667,1.0,38.85,39.25,38.5,39.25
2025-10-14,986395,38199266,39.55,39.6,38.2,38.35,-0.9,814,1.0,39.55,38.35,38.2,39.6
2025-10-15,674502,25604096,38.35,38.4,37.7,38.1,-0.25,450,1.0,38.35,38.1,37.7,38.4
2025-10-16,420632,16244526,38.75,39.0,38.2,39.0,0.9,287,1.0,38.75,39.0,38.2,39.0
2025-10-17,279698,10762066,38.9,39.0,38.3,38.4,-0.6,266,1.0,38.9,38.4,38.3,39.0
2025-10-20,401841,15420521,38.35,38.75,38.0,38.75,0.35,320,1.0,38.35,38.75,38.0,38.75
2025-10-21,343493,13394666,39.05,39.2,38.7,39.15,0.4,306,1.0,39.05,39.15,38.7,39.2
2025-10-22,394178,15418217,39.15,39.3,38.95,39.2,0.05,276,1.0,39.15,39.2,38.95,39.3
2025-10-23,387701,14988864,39.05,39.05,38.5,38.8,-0.4,511,1.0,39.05,38.8,38.5,39.05
2025-10-27,474109,18611060,38.95,39.55,38.95,39.2,0.4,357,1.0,38.95,39.2,38.95,39.55
2025-10-28,348366,13713262,39.6,39.75,38.95,39.25,0.05,382,1.0,39.6,39.25,38.95,39.75
2025-10-29,347122,13441875,39.25,39.55,38.55,38.55,-0.7,725,1.0,39.25,38.55,38.55,39.55
2025-10-30,328041,12697236,38.65,39.25,38.35,38.4,-0.15,608,1.0,38.65,38.4,38.35,39.25
2025-10-31,353226,13645210,38.4,39.2,38.2,38.2,-0.2,319,1.0,38.4,38.2,38.2,39.2
2025-11-03,1778032,70827766,38.6,40.45,38.1,40.3,2.1,1416,1.0,38.6,40.3,38.1,40.45
2025-11-04,1166090,46214501,40.35,40.7,38.75,38.75,-1.55,1422,1.0,40.35,38.75,38.75,40.7
2025-11-05,353945,13814988,38.75,39.55,38.2,39.55,0.8,381,1.0,38.75,39.55,38.2,39.55
2025-11-06,335456,13059821,39.7,39.9,38.7,38.85,-0.7,514,1.0,39.7,38.85,38.7,39.9
2025-11-07,865712,32892045,38.65,38.65,37.7,37.95,-0.9,1021,1.0,38.65,37.95,37.7,38.65
2025-11-10,897653,33332961,37.8,38.0,36.7,37.25,-0.7,717,1.0,37.8,37.25,36.7,38.0
2025-11-11,485681,18191073,37.3,37.95,37.15,37.2,-0.05,429,1.0,37.3,37.2,37.15,37.95
2025-11-12,360440,13535559,37.5,37.8,37.4,37.65,0.45,304,1.0,37.5,37.65,37.4,37.8
2025-11-13,1423426,55769850,38.45,39.7,38.4,39.2,1.55,1239,1.0,38.45,39.2,38.4,39.7
2025-11-14,744369,28799857,38.7,39.5,38.2,38.3,-0.9,1014,1.0,38.7,38.3,38.2,39.5
2025-11-17,794108,29935681,38.6,38.6,37.5,37.55,-0.75,906,1.0,38.6,37.55,37.5,38.6
2025-11-18,622080,23039094,37.6,37.6,36.85,36.95,-0.6,506,1.0,37.6,36.95,36.85,37.6
2025-11-19,393307,14496304,37.0,37.2,36.75,36.8,-0.15,322,1.0,37.0,36.8,36.75,37.2
2025-11-20,359158,13538336,37.35,38.0,37.35,37.75,0.95,381,1.0,37.35,37.75,37.35,38.0
2025-11-21,434105,16041417,37.65,37.65,36.75,36.95,-0.8,417,1.0,37.65,36.95,36.75,37.65
2025-11-24,301704,11258795,37.55,38.1,36.95,37.05,0.1,236,1.0,37.55,37.05,36.95,38.1
2025-11-25,177592,6657013,37.5,37.8,37.25,37.65,0.6,143,1.0,37.5,37.65,37.25,37.8
2025-11-26,363884,13813695,37.75,38.15,37.75,38.05,0.4,304,1.0,37.75,38.05,37.75,38.15
2025-11-27,270594,10202363,37.95,38.25,37.55,37.75,-0.3,307,1.0,37.95,37.75,37.55,38.25
2025-11-28,252275,9467545,37.8,37.8,37.45,37.45,-0.3,170,1.0,37.8,37.45,37.45,37.8
2025-12-01,313796,11808004,37.5,38.1,37.3,37.5,0.05,206,1.0,37.5,37.5,37.3,38.1
2025-12-02,264214,9876206,37.5,37.75,37.2,37.3,-0.2,233,1.0,37.5,37.3,37.2,37.75
2025-12-03,142147,5321406,37.45,37.65,37.2,37.55,0.25,163,1.0,37.45,37.55,37.2,37.65
2025-12-04,480957,18318668,37.8,38.55,37.7,37.8,0.25,452,1.0,37.8,37.8,37.7,38.55
2025-12-05,399866,14923875,37.95,38.1,37.15,37.45,-0.35,384,1.0,37.95,37.45,37.15,38.1
2025-12-08,479586,17764984,37.7,37.7,36.85,37.1,-0.35,364,1.0,37.7,37.1,36.85,37.7
2025-12-09,184356,6804317,37.05,37.1,36.85,36.95,-0.15,156,1.0,37.05,36.95,36.85,37.1
2025-12-10,650075,24612293,37.55,38.15,37.5,37.85,0.9,457,1.0,37.55,37.85,37.5,38.15
2025-12-11,575762,22054696,38.2,38.85,37.9,38.15,0.3,414,1.0,38.2,38.15,37.9,38.85
2025-12-12,466313,17982327,38.4,38.95,38.1,38.15,0.0,522,1.0,38.4,38.15,38.1,38.95
2025-12-15,232870,8864394,37.9,38.45,37.85,37.95,-0.2,281,1.0,37.9,37.95,37.85,38.45
2025-12-16,437785,16358501,37.8,37.9,37.0,37.4,-0.55,435,1.0,37.8,37.4,37.0,37.9
2025-12-17,221205,8252211,37.6,37.65,37.1,37.15,-0.25,525,1.0,37.6,37.15,37.1,37.65
2025-12-18,282592,10535544,37.1,37.6,37.0,37.45,0.3,197,1.0,37.1,37.45,37.0,37.6
2025-12-19,163154,6089509,37.45,37.45,37.25,37.3,-0.15,396,1.0,37.45,37.3,37.25,37.45
2025-12-22,174839,6522254,37.55,37.55,37.2,37.3,0.0,219,1.0,37.55,37.3,37.2,37.55
2025-12-23,144198,5381080,37.5,37.55,37.25,37.3,0.0,143,1.0,37.5,37.3,37.25,37.55
2025-12-24,403367,15072375,37.35,37.95,37.1,37.1,-0.2,299,1.0,37.35,37.1,37.1,37.95
2025-12-26,639077,24238473,37.4,38.15,37.4,37.8,0.7,459,1.0,37.4,37.8,37.4,38.15
2025-12-29,348340,13196375,38.15,38.4,37.55,37.6,-0.2,567,1.0,38.15,37.6,37.55,38.4
2025-12-30,543193,20144073,37.6,37.6,36.95,37.15,-0.45,475,1.0,37.6,37.15,36.95,37.6
2025-12-31,298509,11044012,37.35,37.35,36.9,37.0,-0.15,225,1.0,37.35,37.0,36.9,37.35
2026-01-02,157998,5866373,37.1,37.3,37.05,37.15,0.15,139,1.0,37.1,37.15,37.05,37.3
2026-01-05,478003,17650817,37.3,37.35,36.7,36.8,-0.35,353,1.0,37.3,36.8,36.7,37.35
2026-01-06,173642,6413130,36.8,37.1,36.7,36.95,0.15,178,1.0,36.8,36.95,36.7,37.1
2026-01-07,636218,23879321,36.95,37.85,36.95,37.65,0.7,455,1.0,36.95,37.65,36.95,37.85
2026-01-08,267301,10022907,37.65,37.95,37.35,37.4,-0.25,319,1.0,37.65,37.4,37.35,37.95
2026-01-09,980763,37753725,38.7,39.0,37.9,38.35,0.95,1143,1.0,38.7,38.35,37.9,39.0
2026-01-12,1096689,42886441,38.6,39.3,38.6,39.0,0.65,882,1.0,38.6,39.0,38.6,39.3
2026-01-13,481180,18742368,39.15,39.3,38.65,38.85,-0.15,578,1.0,39.15,38.85,38.65,39.3
2026-01-14,555600,21826386,39.0,39.6,38.75,39.35,0.5,721,1.0,39.0,39.35,38.75,39.6
2026-01-15,448140,17641986,39.8,39.8,39.05,39.5,0.15,379,1.0,39.8,39.5,39.05,39.8
2026-01-16,910635,36153476,39.8,39.9,39.5,39.6,0.1,635,1.0,39.8,39.6,39.5,39.9
2026-01-19,1072806,42632575,39.75,40.0,39.25,39.9,0.3,673,1.0,39.75,39.9,39.25,40.0
2026-01-20,2208062,90588402,39.95,41.65,39.85,41.45,1.55,1770,1.0,39.95,41.45,39.85,41.65
2026-01-21,1632926,66766047,41.6,41.8,40.2,40.3,-1.15,2412,1.0,41.6,40.3,40.2,41.8
2026-01-22,2661450,111216226,40.9,42.2,40.9,41.85,1.55,1940,1.0,40.9,41.85,40.9,42.2
2026-01-23,2625098,111328011,42.8,43.2,41.25,42.7,0.85,2092,1.0,42.8,42.7,41.25,43.2
2026-01-26,1259602,53926217,43.9,44.2,41.9,42.7,0.0,1374,1.0,43.9,42.7,41.9,44.2
2026-01-27,831088,35104233,42.95,42.95,41.95,42.45,-0.25,938,1.0,42.95,42.45,41.95,42.95
2026-01-28,716054,30674234,42.6,43.3,42.5,42.95,0.5,640,1.0,42.6,42.95,42.5,43.3
2026-01-29,809249,34281315,43.2,43.2,41.85,42.9,-0.05,825,1.0,43.2,42.9,41.85,43.2
2026-01-30,864519,36144039,42.8,42.8,41.15,41.15,-1.75,1740,1.0,42.8,41.15,41.15,42.8
2026-02-02,951661,38907083,41.25,41.75,40.2,40.65,-0.5,877,1.0,41.25,40.65,40.2,41.75
2026-02-03,838603,33730868,41.55,41.55,39.5,39.8,-0.85,726,1.0,41.55,39.8,39.5,41.55
2026-02-04,459298,18325287,39.8,40.2,39.55,39.9,0.1,383,1.0,39.8,39.9,39.55,40.2
2026-02-05,696453,27217969,39.5,39.75,38.65,38.85,-1.05,605,1.0,39.5,38.85,38.65,39.75
2026-02-06,856831,32557826,38.4,38.7,37.3,38.45,-0.4,609,1.0,38.4,38.45,37.3,38.7
2026-02-09,559009,21394788,39.2,39.2,38.0,38.05,-0.4,419,1.0,39.2,38.05,38.0,39.2
2026-02-10,326388,12394596,37.7,38.15,37.7,37.95,-0.1,383,1.0,37.7,37.95,37.7,38.15
2026-02-11,594148,22452368,38.0,38.05,37.55,37.9,-0.05,486,1.0,38.0,37.9,37.55,38.05
2026-02-23,462585,17672166,37.9,38.35,37.8,38.25,0.35,380,1.0,37.9,38.25,37.8,38.35
2026-02-24,464571,17802181,38.2,38.55,38.15,38.3,0.05,322,1.0,38.2,38.3,38.15,38.55
2026-02-25,520648,20040566,38.5,38.8,38.15,38.5,0.2,410,1.0,38.5,38.5,38.15,38.8
2026-02-26,419654,16189553,38.5,38.75,38.25,38.7,0.2,344,1.0,38.5,38.7,38.25,38.75
2026-03-02,294795,11359810,38.5,38.75,38.25,38.45,-0.25,273,1.0,38.5,38.45,38.25,38.75
2026-03-03,495056,18907330,38.4,38.7,37.9,38.0,-0.45,574,1.0,38.4,38.0,37.9,38.7
2026-03-04,669448,24699928,37.6,37.6,36.55,36.8,-1.2,543,1.0,37.6,36.8,36.55,37.6
2026-03-05,476370,17635483,37.2,37.75,36.75,37.2,0.4,285,1.0,37.2,37.2,36.75,37.75
2026-03-06,228381,8578220,37.15,37.85,36.85,37.85,0.65,187,1.0,37.15,37.85,36.85,37.85
2026-03-09,694306,25080934,36.55,36.95,35.85,36.2,-1.65,537,1.0,36.55,36.2,35.85,36.95
2026-03-10,627900,22650051,36.75,36.75,35.65,35.85,-0.35,442,1.0,36.75,35.85,35.65,36.75
2026-03-11,493142,17981085,36.2,36.85,36.0,36.6,0.75,293,1.0,36.2,36.6,36.0,36.85
2026-03-12,691469,25517684,36.7,37.35,36.6,37.0,0.4,437,1.0,36.7,37.0,36.6,37.35
2026-03-13,3245959,112853279,35.7,35.7,34.35,34.45,-2.55,2248,1.0,35.7,34.45,34.35,35.7
2026-03-16,837370,28511110,34.3,34.4,33.75,34.25,-0.2,625,1.0,34.3,34.25,33.75,34.4
2026-03-17,367121,12677093,34.55,34.7,34.35,34.6,0.35,333,1.0,34.55,34.6,34.35,34.7
2026-03-18,635498,21876245,34.8,34.8,34.2,34.3,-0.3,557,1.0,34.8,34.3,34.2,34.8
2026-03-19,650804,22111215,34.2,34.25,33.8,33.8,-0.5,497,1.0,34.2,33.8,33.8,34.25
2026-03-20,245621,8317802,33.85,34.05,33.65,33.85,0.05,210,1.0,33.85,33.85,33.65,34.05
2026-03-23,278944,9255838,32.95,33.6,32.65,33.15,-0.7,226,1.0,32.95,33.15,32.65,33.6
2026-03-24,337486,11142142,33.4,33.4,32.6,33.25,0.1,268,1.0,33.4,33.25,32.6,33.4
2026-03-25,510520,16957533,33.8,33.8,33.0,33.2,-0.05,378,1.0,33.8,33.2,33.0,33.8
2026-03-26,219368,7308444,33.4,33.6,33.1,33.25,0.05,187,1.0,33.4,33.25,33.1,33.6
2026-03-27,493424,16032485,32.85,32.85,32.2,32.55,-0.7,451,1.0,32.85,32.55,32.2,32.85
2026-03-30,265286,8560907,32.25,32.55,31.95,32.45,-0.1,238,1.0,32.25,32.45,31.95,32.55
2026-03-31,511411,16292422,32.65,32.7,31.4,31.4,-1.05,473,1.0,32.65,31.4,31.4,32.7
2026-04-01,199109,6377707,31.9,32.2,31.85,32.1,0.7,203,1.0,31.9,32.1,31.85,32.2
2026-04-02,208229,6635686,32.0,32.2,31.75,31.75,-0.35,185,1.0,32.0,31.75,31.75,32.2
2026-04-07,194815,6199577,31.8,31.95,31.75,31.85,0.1,156,1.0,31.8,31.85,31.75,31.95
2026-04-08,196630,6373968,32.3,32.5,32.3,32.45,0.6,188,1.0,32.3,32.45,32.3,32.5
2026-04-09,247704,7943466,32.45,32.6,31.9,32.1,-0.35,229,1.0,32.45,32.1,31.9,32.6
2026-04-10,194121,6293469,32.4,32.65,32.3,32.3,0.2,178,1.0,32.4,32.3,32.3,32.65
2026-04-13,422396,13543685,32.3,32.3,32.0,32.1,-0.2,276,1.0,32.3,32.1,32.0,32.3
2026-04-14,283358,9249769,32.45,32.75,32.4,32.65,0.55,203,1.0,32.45,32.65,32.4,32.75
2026-04-15,325030,10655750,32.85,32.9,32.7,32.75,0.1,248,1.0,32.85,32.75,32.7,32.9
2026-04-16,225436,7382008,32.85,32.9,32.65,32.75,0.0,186,1.0,32.85,32.75,32.65,32.9
2026-04-17,301875,9854164,32.8,32.85,32.5,32.8,0.05,260,1.0,32.8,32.8,32.5,32.85
2026-04-20,296478,9675012,32.8,32.85,32.45,32.5,-0.3,242,1.0,32.8,32.5,32.45,32.85
2026-04-21,367320,12036190,32.75,32.95,32.55,32.9,0.4,232,1.0,32.75,32.9,32.55,32.95
2026-04-22,418806,13701745,33.1,33.2,32.55,32.7,-0.2,311,1.0,33.1,32.7,32.55,33.2
2026-04-23,541483,17430366,32.8,32.8,31.75,32.15,-0.55,397,1.0,32.8,32.15,31.75,32.8
2026-04-24,177743,5656372,32.3,32.3,31.65,31.8,-0.35,166,1.0,32.3,31.8,31.65,32.3
2026-04-27,266359,8355107,31.7,31.7,31.2,31.4,-0.4,240,1.0,31.7,31.4,31.2,31.7
2026-04-28,168917,5337281,31.4,31.9,31.4,31.8,0.4,153,1.0,31.4,31.8,31.4,31.9
2026-04-29,252399,8035423,32.0,32.45,31.55,32.35,0.55,191,1.0,32.0,32.35,31.55,32.45
2026-04-30,227043,7241899,32.35,32.4,31.7,31.9,-0.45,244,1.0,32.35,31.9,31.7,32.4
2026-05-04,430786,13930801,31.9,32.85,31.9,32.15,0.25,290,1.0,31.9,32.15,31.9,32.85
2026-05-05,269285,8616097,32.7,32.7,31.8,31.95,-0.2,240,1.0,32.7,31.95,31.8,32.7
2026-05-06,333564,10624728,32.25,32.25,31.7,32.0,0.05,245,1.0,32.25,32.0,31.7,32.25
2026-05-07,706423,22776578,32.3,32.65,31.9,32.65,0.65,394,1.0,32.3,32.65,31.9,32.65
2026-05-08,443306,14391894,32.7,32.95,32.05,32.1,-0.55,368,1.0,32.7,32.1,32.05,32.95
2026-05-11,516141,16953377,32.35,33.15,32.3,32.85,0.75,319,1.0,32.35,32.85,32.3,33.15
2026-05-12,283014,9179696,32.75,33.0,32.25,32.25,-0.6,211,1.0,32.75,32.25,32.25,33.0
