Date,Capacity,Turnover,Open,High,Low,Close,Change,Transaction,AdjFactor,Open_adj,Close_adj,Low_adj,High_adj
2020-05-04,66467,701422,10.55,10.6,10.5,10.55,-0.1,26,0.8510580876533749,8.9787,8.9787,8.9361,9.0212
2020-05-05,67939,719702,10.6,10.65,10.55,10.65,0.1,25,0.8510580876533749,9.0212,9.0638,8.9787,9.0638
2020-05-06,41833,444928,10.7,10.7,10.55,10.7,0.05,20,0.8510580876533749,9.1063,9.1063,8.9787,9.1063
2020-05-07,20050,213385,10.6,10.7,10.6,10.7,0.0,17,0.8510580876533749,9.0212,9.1063,9.0212,9.1063
2020-05-08,7303,77761,10.6,10.7,10.6,10.65,-0.05,9,0.8510580876533749,9.0212,9.0638,9.0212,9.1063
2020-05-11,58555,634698,10.8,10.95,10.65,10.95,0.3,28,0.8510580876533749,9.1914,9.3191,9.0638,9.3191
2020-05-12,74005,799554,10.85,10.9,10.75,10.75,-0.2,27,0.8510580876533749,9.234,9.1489,9.1489,9.2765
2020-05-13,7515,80910,10.8,10.8,10.7,10.8,0.05,13,0.8510580876533749,9.1914,9.1914,9.1063,9.1914
2020-05-14,40490,436443,10.75,10.8,10.7,10.7,-0.1,16,0.8510580876533749,9.1489,9.1063,9.1063,9.1914
2020-05-15,36590,390712,10.75,10.75,10.65,10.75,0.05,18,0.8510580876533749,9.1489,9.1489,9.0638,9.1489
2020-05-18,28344,302395,10.8,10.8,10.6,10.7,-0.05,20,0.8510580876533749,9.1914,9.1063,9.0212,9.1914
2020-05-19,42583,454577,10.7,10.75,10.6,10.7,0.0,26,0.8510580876533749,9.1063,9.1063,9.0212,9.1489
2020-05-20,13056756,152464078,11.7,11.75,11.05,11.75,1.05,2479,0.8510580876533749,9.9574,9.9999,9.4042,9.9999
2020-05-21,13442697,169852380,12.15,12.9,11.75,12.9,1.15,3220,0.8510580876533749,10.3404,10.9786,9.9999,10.9786
2020-05-22,15424408,211131076,13.1,14.1,13.05,13.8,0.9,5676,0.8510580876533749,11.1489,11.7446,11.1063,11.9999
2020-05-25,8581279,110430823,14.0,14.0,12.45,12.65,-1.15,2983,0.8510580876533749,11.9148,10.7659,10.5957,11.9148
2020-05-26,5523042,67361604,12.65,12.75,11.65,12.05,-0.6,2053,0.8510580876533749,10.7659,10.2552,9.9148,10.851
2020-05-27,2296463,28180700,12.1,12.5,12.1,12.15,0.1,849,0.8510580876533749,10.2978,10.3404,10.2978,10.6382
2020-05-28,2715118,33647129,12.2,12.7,12.15,12.2,0.05,801,0.8510580876533749,10.3829,10.3829,10.3404,10.8084
2020-05-29,1399010,17016270,12.3,12.45,12.0,12.0,-0.2,506,0.8510580876533749,10.468,10.2127,10.2127,10.5957
2020-06-01,1105136,13371582,12.05,12.4,11.95,12.05,0.05,382,0.8510580876533749,10.2552,10.2552,10.1701,10.5531
2020-06-02,790751,9490860,12.1,12.35,11.8,11.85,-0.2,325,0.8510580876533749,10.2978,10.085,10.0425,10.5106
2020-06-03,864077,10287158,11.85,12.0,11.8,11.9,0.05,306,0.8510580876533749,10.085,10.1276,10.0425,10.2127
2020-06-04,757780,9033330,12.0,12.0,11.85,11.9,0.0,224,0.8510580876533749,10.2127,10.1276,10.085,10.2127
2020-06-05,900650,10838625,11.85,12.2,11.85,12.2,0.3,309,0.8510580876533749,10.085,10.3829,10.085,10.3829
2020-06-08,1503837,18500057,12.4,12.5,12.05,12.3,0.1,481,0.8510580876533749,10.5531,10.468,10.2552,10.6382
2020-06-09,941299,11547961,12.3,12.45,12.1,12.3,0.0,253,0.8510580876533749,10.468,10.468,10.2978,10.5957
2020-06-10,1320718,16375334,12.3,12.6,12.15,12.15,-0.15,381,0.8510580876533749,10.468,10.3404,10.3404,10.7233
2020-06-11,1736270,21416979,12.15,12.55,12.1,12.2,0.05,538,0.8510580876533749,10.3404,10.3829,10.2978,10.6808
2020-06-12,814433,9849696,11.9,12.3,11.85,12.1,-0.1,270,0.8510580876533749,10.1276,10.2978,10.085,10.468
2020-06-15,871168,10597516,12.1,12.3,12.0,12.1,0.0,281,0.8510580876533749,10.2978,10.2978,10.2127,10.468
2020-06-16,2149999,26471337,12.15,12.45,12.1,12.4,0.3,502,0.8510580876533749,10.3404,10.5531,10.2978,10.5957
2020-06-17,1666198,20767723,12.4,12.55,12.3,12.55,0.15,462,0.8510580876533749,10.5531,10.6808,10.468,10.6808
2020-06-18,1772599,22183525,12.6,12.65,12.35,12.4,-0.15,491,0.8510580876533749,10.7233,10.5531,10.5106,10.7659
2020-06-19,1289083,15969373,12.55,12.55,12.25,12.3,-0.1,320,0.8510580876533749,10.6808,10.468,10.4255,10.6808
2020-06-22,5818150,77000469,12.4,13.5,12.35,13.5,1.2,1505,0.8510580876533749,10.5531,11.4893,10.5106,11.4893
2020-06-23,4407022,59785033,13.4,14.4,13.15,13.15,-0.35,1700,0.8510580876533749,11.4042,11.1914,11.1914,12.2552
2020-06-24,1137326,14794303,13.2,13.3,12.85,12.9,-0.25,461,0.8510580876533749,11.234,10.9786,10.9361,11.3191
2020-06-29,2068235,26730841,12.85,13.05,12.6,12.95,0.05,513,0.8510580876533749,10.9361,11.0212,10.7233,11.1063
2020-06-30,1091963,14256762,13.05,13.45,12.8,13.25,0.3,408,0.8510580876533749,11.1063,11.2765,10.8935,11.4467
2020-07-01,1811606,24287997,13.3,13.6,13.15,13.55,0.3,573,0.8510580876533749,11.3191,11.5318,11.1914,11.5744
2020-07-02,4239480,59496470,13.6,14.5,13.4,14.1,0.55,1339,0.8510580876533749,11.5744,11.9999,11.4042,12.3403
2020-07-03,4700674,66281627,14.3,14.3,13.8,13.8,-0.3,1112,0.8510580876533749,12.1701,11.7446,11.7446,12.1701
2020-07-06,3501948,49653666,13.85,14.5,13.8,14.1,0.3,863,0.8510580876533749,11.7872,11.9999,11.7446,12.3403
2020-07-07,3142830,44487309,14.35,14.5,13.95,14.1,0.0,660,0.8510580876533749,12.2127,11.9999,11.8723,12.3403
2020-07-08,3774128,55174172,14.1,14.95,14.1,14.75,0.65,1095,0.8510580876533749,11.9999,12.5531,11.9999,12.7233
2020-07-09,3786560,55563469,15.0,15.5,14.25,14.6,-0.15,1029,0.8510580876533749,12.7659,12.4254,12.1276,13.1914
2020-07-10,1462215,20636836,14.6,14.6,13.9,13.9,-0.7,527,0.8510580876533749,12.4254,11.8297,11.8297,12.4254
2020-07-13,3244072,45496391,14.35,14.35,13.9,13.9,0.0,505,0.8510580876533749,12.2127,11.8297,11.8297,12.2127
2020-07-14,2223777,31166549,14.0,14.4,13.85,14.0,0.1,470,0.8510580876533749,11.9148,11.9148,11.7872,12.2552
2020-07-15,1607409,22606326,14.2,14.3,13.9,14.15,0.15,351,0.8510580876533749,12.085,12.0425,11.8297,12.1701
2020-07-16,3176076,45094519,14.2,14.4,14.1,14.2,0.05,408,0.8510580876533749,12.085,12.085,11.9999,12.2552
2020-07-17,1783225,24733979,14.1,14.2,13.6,13.8,0.0,444,0.8694262478185555,12.2589,11.9981,11.8242,12.3459
2020-07-20,1399811,18928485,13.8,13.9,13.35,13.4,-0.4,334,0.8694262478185555,11.9981,11.6503,11.6068,12.085
2020-07-21,654081,8836087,13.45,13.6,13.45,13.55,0.15,186,0.8694262478185555,11.6938,11.7807,11.6938,11.8242
2020-07-22,501642,6804651,13.55,13.7,13.45,13.5,-0.05,154,0.8694262478185555,11.7807,11.7373,11.6938,11.9111
2020-07-23,1106765,14739345,13.6,13.6,13.1,13.2,-0.3,288,0.8694262478185555,11.8242,11.4764,11.3895,11.8242
2020-07-24,1120627,15026587,13.2,13.95,13.05,13.4,0.2,434,0.8694262478185555,11.4764,11.6503,11.346,12.1285
2020-07-27,759527,9917495,13.3,13.4,12.9,12.9,-0.5,248,0.8694262478185555,11.5634,11.2156,11.2156,11.6503
2020-07-28,765642,9668009,12.9,12.95,12.5,12.5,-0.4,224,0.8694262478185555,11.2156,10.8678,10.8678,11.2591
2020-07-29,735743,9464959,12.6,13.15,12.55,13.05,0.55,260,0.8694262478185555,10.9548,11.346,10.9113,11.433
2020-07-30,989155,13408440,13.15,13.95,13.15,13.55,0.5,324,0.8694262478185555,11.433,11.7807,11.433,12.1285
2020-07-31,990233,13539229,13.55,13.9,13.3,13.65,0.1,266,0.8694262478185555,11.7807,11.8677,11.5634,12.085
2020-08-03,412643,5629911,13.65,13.8,13.55,13.55,-0.1,162,0.8694262478185555,11.8677,11.7807,11.7807,11.9981
2020-08-04,522510,7143736,13.6,13.8,13.55,13.7,0.15,161,0.8694262478185555,11.8242,11.9111,11.7807,11.9981
2020-08-05,780964,10803000,13.9,14.05,13.7,13.85,0.15,185,0.8694262478185555,12.085,12.0416,11.9111,12.2154
2020-08-06,751164,10330596,13.85,13.9,13.7,13.7,-0.15,130,0.8694262478185555,12.0416,11.9111,11.9111,12.085
2020-08-07,264485,3627544,13.7,13.8,13.65,13.7,0.0,74,0.8694262478185555,11.9111,11.9111,11.8677,11.9981
2020-08-10,265266,3640676,13.75,13.85,13.65,13.75,0.05,100,0.8694262478185555,11.9546,11.9546,11.8677,12.0416
2020-08-11,398633,5414494,13.75,13.75,13.45,13.6,-0.15,117,0.8694262478185555,11.9546,11.8242,11.6938,11.9546
2020-08-12,347045,4714760,13.6,13.75,13.45,13.75,0.15,136,0.8694262478185555,11.8242,11.9546,11.6938,11.9546
2020-08-13,573623,7898522,13.75,13.85,13.6,13.65,-0.1,199,0.8694262478185555,11.9546,11.8677,11.8242,12.0416
2020-08-14,259700,3527653,13.65,13.75,13.5,13.75,0.1,107,0.8694262478185555,11.8677,11.9546,11.7373,11.9546
2020-08-17,199500,2723773,13.65,13.75,13.55,13.75,0.0,91,0.8694262478185555,11.8677,11.9546,11.7807,11.9546
2020-08-18,384980,5272577,13.7,13.75,13.65,13.75,0.0,135,0.8694262478185555,11.9111,11.9546,11.8677,11.9546
2020-08-19,989704,13506041,13.85,13.85,13.35,13.8,0.05,289,0.8694262478185555,12.0416,11.9981,11.6068,12.0416
2020-08-20,1077698,14613540,13.75,13.75,13.3,13.65,-0.15,284,0.8694262478185555,11.9546,11.8677,11.5634,11.9546
2020-08-21,244147,3334248,13.65,13.8,13.55,13.65,0.0,176,0.8694262478185555,11.8677,11.8677,11.7807,11.9981
2020-08-24,279481,3819241,13.65,13.75,13.6,13.65,0.0,103,0.8694262478185555,11.8677,11.8677,11.8242,11.9546
2020-08-25,322500,4393399,13.65,13.75,13.5,13.65,0.0,115,0.8694262478185555,11.8677,11.8677,11.7373,11.9546
2020-08-26,212400,2900958,13.65,13.75,13.6,13.65,0.0,92,0.8694262478185555,11.8677,11.8677,11.8242,11.9546
2020-08-27,239522,3235994,13.6,13.6,13.45,13.5,-0.15,85,0.8694262478185555,11.8242,11.7373,11.6938,11.8242
2020-08-28,780012,10600611,13.45,13.8,13.35,13.7,0.2,173,0.8694262478185555,11.6938,11.9111,11.6068,11.9981
2020-08-31,384541,5279660,13.75,13.8,13.6,13.8,0.1,143,0.8694262478185555,11.9546,11.9981,11.8242,11.9981
2020-09-01,251807,3464054,13.8,13.8,13.7,13.8,0.0,88,0.8694262478185555,11.9981,11.9981,11.9111,11.9981
2020-09-02,586500,8140600,13.8,13.95,13.65,13.75,-0.05,148,0.8694262478185555,11.9981,11.9546,11.8677,12.1285
2020-09-03,252876,3450963,13.85,13.9,13.55,13.6,-0.15,122,0.8694262478185555,12.0416,11.8242,11.7807,12.085
2020-09-04,164230,2226903,13.6,13.65,13.45,13.65,0.05,83,0.8694262478185555,11.8242,11.8677,11.6938,11.8677
2020-09-07,798635,11003624,13.65,14.1,13.5,13.95,0.3,227,0.8694262478185555,11.8677,12.1285,11.7373,12.2589
2020-09-08,322198,4474109,14.0,14.0,13.75,13.85,-0.1,128,0.8694262478185555,12.172,12.0416,11.9546,12.172
2020-09-09,1892411,26407470,13.85,14.1,13.8,13.9,0.05,250,0.8694262478185555,12.0416,12.085,11.9981,12.2589
2020-09-10,1479483,20889983,14.2,14.3,13.95,14.15,0.25,400,0.8694262478185555,12.3459,12.3024,12.1285,12.4328
2020-09-11,488527,6772472,14.1,14.15,13.65,13.85,-0.3,188,0.8694262478185555,12.2589,12.0416,11.8677,12.3024
2020-09-14,1081429,15262298,13.85,14.65,13.7,14.15,0.3,324,0.8694262478185555,12.0416,12.3024,11.9111,12.7371
2020-09-15,218331,3076200,14.2,14.2,14.0,14.0,-0.15,93,0.8694262478185555,12.3459,12.172,12.172,12.3459
2020-09-16,609628,8475016,14.0,14.1,13.85,13.85,-0.15,142,0.8694262478185555,12.172,12.0416,12.0416,12.2589
2020-09-17,487900,6819850,13.9,14.2,13.85,14.05,0.2,149,0.8694262478185555,12.085,12.2154,12.0416,12.3459
2020-09-18,444102,6250628,14.0,14.3,13.95,14.05,0.0,143,0.8694262478185555,12.172,12.2154,12.1285,12.4328
2020-09-21,366588,5152698,14.05,14.25,14.0,14.05,0.0,90,0.8694262478185555,12.2154,12.2154,12.172,12.3893
2020-09-22,375500,5245700,14.0,14.1,13.9,13.9,-0.15,135,0.8694262478185555,12.172,12.085,12.085,12.2589
2020-09-23,435520,6095026,13.9,14.15,13.85,13.85,-0.05,154,0.8694262478185555,12.085,12.0416,12.0416,12.3024
2020-09-24,770078,10500060,13.85,13.9,13.45,13.65,-0.2,209,0.8694262478185555,12.0416,11.8677,11.6938,12.085
2020-09-25,568414,7691530,13.65,13.7,13.3,13.65,0.0,151,0.8694262478185555,11.8677,11.8677,11.5634,11.9111
2020-09-28,264376,3600163,13.65,13.7,13.55,13.7,0.05,68,0.8694262478185555,11.8677,11.9111,11.7807,11.9111
2020-09-29,220000,3015850,13.7,13.8,13.6,13.65,-0.05,65,0.8694262478185555,11.9111,11.8677,11.8242,11.9981
2020-09-30,64104,873608,13.6,13.7,13.6,13.6,-0.05,20,0.8694262478185555,11.8242,11.8242,11.8242,11.9111
2020-10-05,94100,1286509,13.6,13.75,13.6,13.6,0.0,41,0.8694262478185555,11.8242,11.8242,11.8242,11.9546
2020-10-06,596110,8109834,13.75,13.8,13.5,13.6,0.0,156,0.8694262478185555,11.9546,11.8242,11.7373,11.9981
2020-10-07,546504,7428252,13.6,13.75,13.5,13.75,0.15,100,0.8694262478185555,11.8242,11.9546,11.7373,11.9546
2020-10-08,118377,1607538,13.65,13.65,13.55,13.6,-0.15,52,0.8694262478185555,11.8677,11.8242,11.7807,11.8677
2020-10-12,160411,2170297,13.55,13.6,13.5,13.5,-0.1,79,0.8694262478185555,11.7807,11.7373,11.7373,11.8242
2020-10-13,130502,1763327,13.55,13.55,13.5,13.55,0.05,40,0.8694262478185555,11.7807,11.7807,11.7373,11.7807
2020-10-14,687143,9376880,13.5,13.8,13.45,13.6,0.05,126,0.8694262478185555,11.7373,11.8242,11.6938,11.9981
2020-10-15,143999,1963436,13.75,13.75,13.55,13.55,-0.05,100,0.8694262478185555,11.9546,11.7807,11.7807,11.9546
2020-10-16,75500,1022549,13.6,13.65,13.5,13.55,0.0,37,0.8694262478185555,11.8242,11.7807,11.7373,11.8677
2020-10-19,66500,904049,13.5,13.65,13.5,13.65,0.1,36,0.8694262478185555,11.7373,11.8677,11.7373,11.8677
2020-10-20,178131,2412368,13.55,13.6,13.5,13.6,-0.05,37,0.8694262478185555,11.7807,11.8242,11.7373,11.8242
2020-10-21,141650,1918524,13.6,13.65,13.5,13.55,-0.05,70,0.8694262478185555,11.8242,11.7807,11.7373,11.8677
2020-10-22,129952,1760096,13.55,13.65,13.5,13.65,0.1,51,0.8694262478185555,11.7807,11.8677,11.7373,11.8677
2020-10-23,408333,5576411,13.65,13.75,13.5,13.65,0.0,113,0.8694262478185555,11.8677,11.8677,11.7373,11.9546
2020-10-26,101553,1377476,13.65,13.7,13.5,13.5,-0.15,45,0.8694262478185555,11.8677,11.7373,11.7373,11.9111
2020-10-27,276984,3778299,13.6,13.75,13.5,13.65,0.15,72,0.8694262478185555,11.8242,11.8677,11.7373,11.9546
2020-10-28,69999,948885,13.65,13.65,13.55,13.55,-0.1,28,0.8694262478185555,11.8677,11.7807,11.7807,11.8677
2020-10-29,666767,9020090,13.5,13.65,13.45,13.55,0.0,82,0.8694262478185555,11.7373,11.7807,11.6938,11.8677
2020-10-30,204849,2792402,13.6,13.7,13.55,13.55,0.0,60,0.8694262478185555,11.8242,11.7807,11.7807,11.9111
2020-11-02,398925,5404291,13.5,13.65,13.5,13.5,-0.05,71,0.8694262478185555,11.7373,11.7373,11.7373,11.8677
2020-11-03,14572,197344,13.55,13.55,13.5,13.55,0.05,16,0.8694262478185555,11.7807,11.7807,11.7373,11.7807
2020-11-04,391487,5361337,13.55,13.75,13.55,13.75,0.2,123,0.8694262478185555,11.7807,11.9546,11.7807,11.9546
2020-11-05,2482209,34450378,13.9,14.15,13.75,13.9,0.15,473,0.8694262478185555,12.085,12.085,11.9546,12.3024
2020-11-06,812065,11294944,13.9,14.0,13.85,13.9,0.0,178,0.8694262478185555,12.085,12.085,12.0416,12.172
2020-11-09,3167675,45067766,14.0,14.4,13.95,14.4,0.5,745,0.8694262478185555,12.172,12.5197,12.1285,12.5197
2020-11-10,2829566,40666103,14.45,14.55,14.05,14.2,-0.2,493,0.8694262478185555,12.5632,12.3459,12.2154,12.6502
2020-11-11,1159471,16585392,14.3,14.4,14.2,14.4,0.2,247,0.8694262478185555,12.4328,12.5197,12.3459,12.5197
2020-11-12,1539053,22244861,14.55,14.65,14.3,14.3,-0.1,405,0.8694262478185555,12.6502,12.4328,12.4328,12.7371
2020-11-13,4895868,73031488,14.4,15.25,14.4,15.2,0.9,1227,0.8694262478185555,12.5197,13.2153,12.5197,13.2588
2020-11-16,10439169,161736785,16.1,16.25,14.65,14.65,-0.55,2878,0.8694262478185555,13.9978,12.7371,12.7371,14.1282
2020-11-17,2851478,41285644,14.75,14.75,14.25,14.55,-0.1,708,0.8694262478185555,12.824,12.6502,12.3893,12.824
2020-11-18,2243287,32599469,14.7,14.75,14.25,14.6,0.05,613,0.8694262478185555,12.7806,12.6936,12.3893,12.824
2020-11-19,3035379,44786194,14.75,15.05,14.5,14.9,0.3,756,0.8694262478185555,12.824,12.9545,12.6067,13.0849
2020-11-20,1889618,27878134,14.9,14.95,14.6,14.85,-0.05,502,0.8694262478185555,12.9545,12.911,12.6936,12.9979
2020-11-23,2926506,43430847,14.85,15.1,14.65,14.8,-0.05,700,0.8694262478185555,12.911,12.8675,12.7371,13.1283
2020-11-24,1163282,17119597,14.8,14.85,14.6,14.65,-0.15,372,0.8694262478185555,12.8675,12.7371,12.6936,12.911
2020-11-25,1307959,19309992,14.75,14.95,14.65,14.7,0.05,356,0.8694262478185555,12.824,12.7806,12.7371,12.9979
2020-11-26,1177827,17354604,14.7,14.85,14.6,14.8,0.1,350,0.8694262478185555,12.7806,12.8675,12.6936,12.911
2020-11-27,1288438,19074694,14.9,14.9,14.7,14.8,0.0,272,0.8694262478185555,12.9545,12.8675,12.7806,12.9545
2020-11-30,1332452,19698792,14.75,14.9,14.7,14.7,-0.1,318,0.8694262478185555,12.824,12.7806,12.7806,12.9545
2020-12-01,937991,13803430,14.85,14.85,14.6,14.75,0.05,214,0.8694262478185555,12.911,12.824,12.6936,12.911
2020-12-02,685876,10087396,14.75,14.85,14.6,14.75,0.0,218,0.8694262478185555,12.824,12.824,12.6936,12.911
2020-12-03,493240,7265900,14.65,14.8,14.65,14.7,-0.05,182,0.8694262478185555,12.7371,12.7806,12.7371,12.8675
2020-12-04,950904,14023464,14.85,14.9,14.6,14.7,0.0,292,0.8694262478185555,12.911,12.7806,12.6936,12.9545
2020-12-07,5306946,79563837,14.8,15.2,14.7,14.95,0.25,923,0.8694262478185555,12.8675,12.9979,12.7806,13.2153
2020-12-08,1130990,16893810,15.0,15.1,14.8,14.85,-0.1,318,0.8694262478185555,13.0414,12.911,12.8675,13.1283
2020-12-09,2052423,30198057,14.85,14.85,14.6,14.65,-0.2,388,0.8694262478185555,12.911,12.7371,12.6936,12.911
2020-12-10,2567282,37436816,14.55,14.8,14.4,14.7,0.05,372,0.8694262478185555,12.6502,12.7806,12.5197,12.8675
2020-12-11,1249688,18244335,14.7,14.8,14.55,14.6,-0.1,235,0.8694262478185555,12.7806,12.6936,12.6502,12.8675
2020-12-14,756793,11130296,14.6,14.85,14.6,14.65,0.05,162,0.8694262478185555,12.6936,12.7371,12.6936,12.911
2020-12-15,575789,8408628,14.7,14.75,14.5,14.6,-0.05,151,0.8694262478185555,12.7806,12.6936,12.6067,12.824
2020-12-16,525530,7724709,14.7,14.75,14.6,14.65,0.05,186,0.8694262478185555,12.7806,12.7371,12.6936,12.824
2020-12-17,452146,6629242,14.7,14.75,14.6,14.7,0.05,119,0.8694262478185555,12.7806,12.7806,12.6936,12.824
2020-12-18,282661,4152300,14.75,14.75,14.65,14.7,0.0,79,0.8694262478185555,12.824,12.7806,12.7371,12.824
2020-12-21,719565,10571354,14.7,14.8,14.6,14.8,0.1,168,0.8694262478185555,12.7806,12.8675,12.6936,12.8675
2020-12-22,3066388,45910639,14.75,15.15,14.75,14.8,0.0,541,0.8694262478185555,12.824,12.8675,12.824,13.1718
2020-12-23,1063319,15778073,14.9,15.0,14.65,15.0,0.2,272,0.8694262478185555,12.9545,13.0414,12.7371,13.0414
2020-12-24,1721852,26081099,15.05,15.35,15.0,15.0,0.0,538,0.8694262478185555,13.0849,13.0414,13.0414,13.3457
2020-12-25,1564439,23698892,15.2,15.45,14.95,15.4,0.4,322,0.8694262478185555,13.2153,13.3892,12.9979,13.4326
2020-12-28,2503062,38926257,15.5,16.0,15.0,15.65,0.25,669,0.8694262478185555,13.4761,13.6065,13.0414,13.9108
2020-12-29,1245439,19286866,15.6,15.65,15.35,15.5,-0.15,361,0.8694262478185555,13.563,13.4761,13.3457,13.6065
2020-12-30,954428,14888551,15.65,15.85,15.4,15.4,-0.1,261,0.8694262478185555,13.6065,13.3892,13.3892,13.7804
2020-12-31,1186467,18371101,15.6,15.7,15.35,15.5,0.1,332,0.8694262478185555,13.563,13.4761,13.3457,13.65
2021-01-04,1235994,19388561,15.5,15.85,15.5,15.7,0.2,320,0.8694262478185555,13.4761,13.65,13.4761,13.7804
2021-01-05,901102,14148095,15.75,15.9,15.55,15.7,0.0,201,0.8694262478185555,13.6935,13.65,13.5196,13.8239
2021-01-06,1129373,17704921,15.7,15.85,15.5,15.6,-0.1,278,0.8694262478185555,13.65,13.563,13.4761,13.7804
2021-01-07,1602443,25297676,15.8,15.95,15.5,15.95,0.35,360,0.8694262478185555,13.7369,13.8673,13.4761,13.8673
2021-01-08,1575679,24906335,15.9,16.0,15.65,15.75,-0.2,324,0.8694262478185555,13.8239,13.6935,13.6065,13.9108
2021-01-11,846156,13400417,15.85,16.0,15.65,15.95,0.2,236,0.8694262478185555,13.7804,13.8673,13.6065,13.9108
2021-01-12,1103057,17413890,15.85,15.95,15.65,15.65,-0.3,259,0.8694262478185555,13.7804,13.6065,13.6065,13.8673
2021-01-13,547527,8585059,15.75,15.75,15.65,15.7,0.05,155,0.8694262478185555,13.6935,13.65,13.6065,13.6935
2021-01-14,715031,11274882,15.65,15.85,15.65,15.8,0.1,176,0.8694262478185555,13.6065,13.7369,13.6065,13.7804
2021-01-15,816027,12914725,15.75,15.9,15.75,15.9,0.1,210,0.8694262478185555,13.6935,13.8239,13.6935,13.8239
2021-01-18,436828,6907644,15.9,15.9,15.75,15.9,0.0,130,0.8694262478185555,13.8239,13.8239,13.6935,13.8239
2021-01-19,1870773,29905897,15.8,16.35,15.65,15.65,-0.25,559,0.8694262478185555,13.7369,13.6065,13.6065,14.2151
2021-01-20,1208386,18878346,15.65,15.9,15.15,15.25,-0.4,341,0.8694262478185555,13.6065,13.2588,13.1718,13.8239
2021-01-21,851106,13228697,15.2,15.75,15.2,15.6,0.35,212,0.8694262478185555,13.2153,13.563,13.2153,13.6935
2021-01-22,616174,9629770,15.6,15.85,15.3,15.65,0.05,185,0.8694262478185555,13.563,13.6065,13.3022,13.7804
2021-01-25,414421,6488835,15.7,15.75,15.45,15.75,0.1,115,0.8694262478185555,13.65,13.6935,13.4326,13.6935
2021-01-26,2172154,34104847,15.65,16.05,15.55,15.7,-0.05,199,0.8694262478185555,13.6065,13.65,13.5196,13.9543
2021-01-27,310791,4894676,15.7,15.9,15.55,15.8,0.1,121,0.8694262478185555,13.65,13.7369,13.5196,13.8239
2021-01-28,465983,7318570,15.65,15.85,15.55,15.7,-0.1,126,0.8694262478185555,13.6065,13.65,13.5196,13.7804
2021-01-29,802127,12629137,15.65,15.9,15.55,15.7,0.0,230,0.8694262478185555,13.6065,13.65,13.5196,13.8239
2021-02-01,506103,7943398,15.7,15.85,15.55,15.65,-0.05,109,0.8694262478185555,13.65,13.6065,13.5196,13.7804
2021-02-02,275517,4318662,15.65,15.8,15.55,15.65,0.0,85,0.8694262478185555,13.6065,13.6065,13.5196,13.7369
2021-02-03,716009,11357380,15.7,16.0,15.65,15.9,0.25,231,0.8694262478185555,13.65,13.8239,13.6065,13.9108
2021-02-04,352220,5527373,15.8,15.8,15.6,15.65,-0.25,154,0.8694262478185555,13.7369,13.6065,13.563,13.7369
2021-02-05,996450,15832108,15.7,16.05,15.65,16.0,0.35,307,0.8694262478185555,13.65,13.9108,13.6065,13.9543
2021-02-17,335328,5331851,16.0,16.0,15.8,15.8,-0.2,156,0.8694262478185555,13.9108,13.7369,13.7369,13.9108
2021-02-18,292268,4603729,15.95,15.95,15.65,15.65,-0.15,101,0.8694262478185555,13.8673,13.6065,13.6065,13.8673
2021-02-19,420259,6580514,15.85,15.85,15.6,15.65,0.0,126,0.8694262478185555,13.7804,13.6065,13.563,13.7804
2021-02-22,990394,15720980,15.7,16.05,15.6,15.85,0.2,242,0.8694262478185555,13.65,13.7804,13.563,13.9543
2021-02-23,410092,6459230,15.95,15.95,15.65,15.7,-0.15,123,0.8694262478185555,13.8673,13.65,13.6065,13.8673
2021-02-24,1136846,18226099,15.85,16.3,15.8,15.95,0.25,338,0.8694262478185555,13.7804,13.8673,13.7369,14.1716
2021-02-25,536701,8454779,15.95,16.0,15.65,15.7,-0.25,199,0.8694262478185555,13.8673,13.65,13.6065,13.9108
2021-02-26,597999,9344134,15.8,15.8,15.5,15.7,0.0,197,0.8694262478185555,13.7369,13.65,13.4761,13.7369
2021-03-02,394624,6147464,15.7,15.85,15.45,15.5,-0.2,162,0.8694262478185555,13.65,13.4761,13.4326,13.7804
2021-03-03,382178,5922840,15.5,15.65,15.4,15.5,0.0,129,0.8694262478185555,13.4761,13.4761,13.3892,13.6065
2021-03-04,434310,6686226,15.5,15.5,15.3,15.45,-0.05,149,0.8694262478185555,13.4761,13.4326,13.3022,13.4761
2021-03-05,376285,5767205,15.3,15.5,15.2,15.2,-0.25,127,0.8694262478185555,13.3022,13.2153,13.2153,13.4761
2021-03-08,398598,6090955,15.35,15.5,15.1,15.2,0.0,144,0.8694262478185555,13.3457,13.2153,13.1283,13.4761
2021-03-09,158483,2395732,15.35,15.35,15.05,15.1,-0.1,84,0.8694262478185555,13.3457,13.1283,13.0849,13.3457
2021-03-10,278430,4195815,15.1,15.35,15.0,15.05,-0.05,110,0.8694262478185555,13.1283,13.0849,13.0414,13.3457
2021-03-11,215785,3302428,15.2,15.45,15.15,15.2,0.15,119,0.8694262478185555,13.2153,13.2153,13.1718,13.4326
2021-03-12,396869,6060581,15.35,15.35,15.25,15.3,0.1,116,0.8694262478185555,13.3457,13.3022,13.2588,13.3457
2021-03-15,283269,4379908,15.3,15.6,15.3,15.4,0.1,125,0.8694262478185555,13.3022,13.3892,13.3022,13.563
2021-03-16,6105543,103131268,16.9,16.9,16.6,16.9,1.5,1586,0.8694262478185555,14.6933,14.6933,14.4325,14.6933
2021-03-17,6005298,103049656,17.65,17.95,16.45,16.7,-0.2,2326,0.8694262478185555,15.3454,14.5194,14.3021,15.6062
2021-03-18,1095775,17840464,16.8,16.8,16.05,16.15,-0.55,602,0.8694262478185555,14.6064,14.0412,13.9543,14.6064
2021-03-19,1763585,28135744,16.15,16.35,15.7,15.7,-0.45,740,0.8694262478185555,14.0412,13.65,13.65,14.2151
2021-03-22,1243739,19813660,15.75,16.25,15.65,16.2,0.5,552,0.8694262478185555,13.6935,14.0847,13.6065,14.1282
2021-03-23,1216035,19362428,16.3,16.35,15.7,15.85,-0.35,570,0.8694262478185555,14.1716,13.7804,13.65,14.2151
2021-03-24,673491,10633756,15.65,16.0,15.65,16.0,0.15,275,0.8694262478185555,13.6065,13.9108,13.6065,13.9108
2021-03-25,1113288,17688712,16.05,16.05,15.75,15.9,-0.1,186,0.8694262478185555,13.9543,13.8239,13.6935,13.9543
2021-03-26,2280063,37227982,16.0,16.6,16.0,16.35,0.45,598,0.8694262478185555,13.9108,14.2151,13.9108,14.4325
2021-03-29,2824713,47109830,16.55,16.9,16.35,16.35,0.0,961,0.8694262478185555,14.389,14.2151,14.2151,14.6933
2021-03-30,1422177,23557199,16.45,16.65,16.4,16.6,0.25,346,0.8694262478185555,14.3021,14.4325,14.2586,14.4759
2021-03-31,682255,11244583,16.75,16.75,16.35,16.35,-0.25,327,0.8694262478185555,14.5629,14.2151,14.2151,14.5629
2021-04-01,674308,10933722,16.5,16.6,16.05,16.1,-0.25,339,0.8694262478185555,14.3455,13.9978,13.9543,14.4325
2021-04-06,931010,14903996,16.2,16.2,15.9,15.95,-0.15,363,0.8694262478185555,14.0847,13.8673,13.8239,14.0847
2021-04-07,662163,10582558,16.1,16.2,15.9,15.95,0.0,239,0.8694262478185555,13.9978,13.8673,13.8239,14.0847
2021-04-08,1773238,28418179,16.1,16.25,15.75,16.05,0.1,405,0.8694262478185555,13.9978,13.9543,13.6935,14.1282
2021-04-09,3343651,55325957,16.5,16.8,16.35,16.45,0.4,1043,0.8694262478185555,14.3455,14.3021,14.2151,14.6064
2021-04-12,1689602,28067199,16.4,16.85,16.3,16.55,0.1,575,0.8694262478185555,14.2586,14.389,14.1716,14.6498
2021-04-13,1682909,28085440,16.95,16.95,16.55,16.6,0.05,553,0.8694262478185555,14.7368,14.4325,14.389,14.7368
2021-04-14,2824016,47410101,16.8,16.95,16.2,16.85,0.25,883,0.8694262478185555,14.6064,14.6498,14.0847,14.7368
2021-04-15,9185638,162817927,17.1,18.2,17.1,18.0,1.15,2751,0.8694262478185555,14.8672,15.6497,14.8672,15.8236
2021-04-16,2758786,48827712,17.65,18.0,17.3,17.65,-0.35,1246,0.8694262478185555,15.3454,15.3454,15.0411,15.6497
2021-04-19,2101074,36794832,17.65,17.8,17.3,17.4,-0.25,908,0.8694262478185555,15.3454,15.128,15.0411,15.4758
2021-04-20,1547386,26559206,17.6,17.6,17.0,17.0,-0.4,745,0.8694262478185555,15.3019,14.7802,14.7802,15.3019
2021-04-21,1357667,23041611,17.2,17.2,16.8,17.1,0.1,660,0.8694262478185555,14.9541,14.8672,14.6064,14.9541
2021-04-22,2602899,45239963,17.25,17.95,17.0,17.1,0.0,1168,0.8694262478185555,14.9976,14.8672,14.7802,15.6062
2021-04-23,1216490,20842450,17.35,17.45,17.0,17.05,-0.05,577,0.8694262478185555,15.0845,14.8237,14.7802,15.1715
2021-04-26,1195568,20199459,17.15,17.2,16.8,16.8,-0.25,576,0.8694262478185555,14.9107,14.6064,14.6064,14.9541
2021-04-27,904951,15186725,17.0,17.0,16.6,16.75,-0.05,464,0.8694262478185555,14.7802,14.5629,14.4325,14.7802
2021-04-28,1074611,18109469,16.8,17.1,16.6,16.65,-0.1,488,0.8694262478185555,14.6064,14.4759,14.4325,14.8672
2021-04-29,1549315,25672463,16.65,16.85,16.35,16.75,0.1,563,0.8694262478185555,14.4759,14.5629,14.2151,14.6498
2021-05-03,2488505,40936950,16.8,16.8,16.05,16.35,-0.4,576,0.8694262478185555,14.6064,14.2151,13.9543,14.6064
2021-05-04,2690784,43014326,16.55,16.65,15.0,15.6,-0.75,834,0.8694262478185555,14.389,13.563,13.0414,14.4759
2021-05-05,638478,9977064,15.3,15.75,15.3,15.6,0.0,301,0.8694262478185555,13.3022,13.563,13.3022,13.6935
2021-05-06,1057807,16394268,15.65,15.75,15.2,15.5,-0.1,403,0.8694262478185555,13.6065,13.4761,13.2153,13.6935
2021-05-07,360364,5648882,15.7,15.8,15.6,15.75,0.25,188,0.8694262478185555,13.65,13.6935,13.563,13.7369
2021-05-10,663688,10515468,15.75,16.0,15.75,15.95,0.2,299,0.8694262478185555,13.6935,13.8673,13.6935,13.9108
2021-05-11,2138389,33573480,16.05,16.05,15.25,15.35,-0.6,516,0.8694262478185555,13.9543,13.3457,13.2588,13.9543
2021-05-12,3032803,44865319,15.35,15.6,13.85,15.0,-0.35,961,0.8694262478185555,13.3457,13.0414,12.0416,13.563
2021-05-13,3097321,43253640,13.65,15.0,13.5,14.1,-0.9,977,0.8694262478185555,11.8677,12.2589,11.7373,13.0414
2021-05-14,1491710,21140495,14.15,14.7,13.9,14.1,0.0,422,0.8694262478185555,12.3024,12.2589,12.085,12.7806
2021-05-17,2269576,30088942,12.7,13.8,12.7,12.8,-1.3,574,0.8694262478185555,11.0417,11.1287,11.0417,11.9981
2021-05-18,1064726,14723914,13.3,14.05,13.1,14.05,1.25,314,0.8694262478185555,11.5634,12.2154,11.3895,12.2154
2021-05-19,1048231,15132578,14.05,15.0,14.05,15.0,0.95,332,0.8694262478185555,12.2154,13.0414,12.2154,13.0414
2021-05-20,800438,11808234,15.0,15.0,14.5,14.7,-0.3,292,0.8694262478185555,13.0414,12.7806,12.6067,13.0414
2021-05-21,1246486,18959667,14.9,15.65,14.7,15.6,0.9,343,0.8694262478185555,12.9545,13.563,12.7806,13.6065
2021-05-24,489659,7620882,15.5,15.75,15.3,15.4,-0.2,214,0.8694262478185555,13.4761,13.3892,13.3022,13.6935
2021-05-25,741507,11501576,15.5,15.7,15.3,15.6,0.2,242,0.8694262478185555,13.4761,13.563,13.3022,13.65
2021-05-26,298921,4648365,15.6,15.7,15.5,15.5,-0.1,114,0.8694262478185555,13.563,13.4761,13.4761,13.65
2021-05-27,852045,13257842,15.6,15.9,15.3,15.7,0.2,284,0.8694262478185555,13.563,13.65,13.3022,13.8239
2021-05-28,218839,3440296,15.75,15.9,15.6,15.65,-0.05,143,0.8694262478185555,13.6935,13.6065,13.563,13.8239
2021-05-31,531315,8321257,15.6,15.85,15.5,15.65,0.0,192,0.8694262478185555,13.563,13.6065,13.4761,13.7804
2021-06-01,205011,3197060,15.65,15.8,15.5,15.5,-0.15,131,0.8694262478185555,13.6065,13.4761,13.4761,13.7369
2021-06-02,337662,5247966,15.55,15.7,15.5,15.55,0.05,138,0.8694262478185555,13.5196,13.5196,13.4761,13.65
2021-06-03,619772,9705156,15.55,15.75,15.5,15.55,0.0,239,0.8694262478185555,13.5196,13.5196,13.4761,13.6935
2021-06-04,249072,3898729,15.65,15.75,15.55,15.65,0.1,128,0.8694262478185555,13.6065,13.6065,13.5196,13.6935
2021-06-07,516606,8002174,15.75,15.75,15.3,15.5,-0.15,170,0.8694262478185555,13.6935,13.4761,13.3022,13.6935
2021-06-08,1592165,25205129,15.5,16.5,15.35,15.55,0.05,586,0.8694262478185555,13.4761,13.5196,13.3457,14.3455
2021-06-09,1827109,28324104,15.5,15.65,15.4,15.4,-0.15,195,0.8694262478185555,13.4761,13.3892,13.3892,13.6065
2021-06-10,555059,8665919,15.35,15.8,15.35,15.6,0.2,165,0.8694262478185555,13.3457,13.563,13.3457,13.7369
2021-06-11,316199,4890345,15.6,15.7,15.35,15.4,-0.2,162,0.8694262478185555,13.563,13.3892,13.3457,13.65
2021-06-15,775546,11984531,15.4,15.7,15.35,15.4,0.0,173,0.8694262478185555,13.3892,13.3892,13.3457,13.65
2021-06-16,723848,11215202,15.55,15.7,15.2,15.4,0.0,206,0.8694262478185555,13.5196,13.3892,13.2153,13.65
2021-06-17,804851,12578213,15.35,15.8,15.35,15.55,0.15,243,0.8694262478185555,13.3457,13.5196,13.3457,13.7369
2021-06-18,151325,2344951,15.65,15.65,15.4,15.45,-0.1,114,0.8694262478185555,13.6065,13.4326,13.3892,13.6065
2021-06-21,738083,11280785,15.45,15.55,15.05,15.25,-0.2,241,0.8694262478185555,13.4326,13.2588,13.0849,13.5196
2021-06-22,204188,3161398,15.4,15.6,15.35,15.4,0.15,125,0.8694262478185555,13.3892,13.3892,13.3457,13.563
2021-06-23,930393,14387581,15.6,15.75,15.35,15.65,0.25,199,0.8694262478185555,13.563,13.6065,13.3457,13.6935
2021-06-24,1523232,24102465,15.75,16.2,15.55,15.85,0.2,317,0.8694262478185555,13.6935,13.7804,13.5196,14.0847
2021-06-25,412740,6601433,16.1,16.2,15.85,15.9,0.05,199,0.8694262478185555,13.9978,13.8239,13.7804,14.0847
2021-06-28,221290,3519604,16.1,16.15,15.75,15.8,-0.1,127,0.8694262478185555,13.9978,13.7369,13.6935,14.0412
2021-06-29,331039,5119538,15.95,15.95,15.25,15.3,-0.5,187,0.8694262478185555,13.8673,13.3022,13.2588,13.8673
2021-06-30,227682,3493656,15.4,15.5,15.2,15.45,0.15,138,0.8694262478185555,13.3892,13.4326,13.2153,13.4761
2021-07-01,244744,3753867,15.5,15.5,15.2,15.25,-0.2,130,0.8694262478185555,13.4761,13.2588,13.2153,13.4761
2021-07-02,190903,2928652,15.4,15.5,15.2,15.25,0.0,128,0.8694262478185555,13.3892,13.2588,13.2153,13.4761
2021-07-05,235290,3600529,15.45,15.45,15.2,15.35,0.1,139,0.8694262478185555,13.4326,13.3457,13.2153,13.4326
2021-07-06,136276,2101190,15.5,15.55,15.3,15.3,-0.05,77,0.8694262478185555,13.4761,13.3022,13.3022,13.5196
2021-07-07,179387,2750384,15.3,15.45,15.25,15.25,-0.05,120,0.8694262478185555,13.3022,13.2588,13.2588,13.4326
2021-07-08,225224,3428325,15.3,15.4,15.15,15.2,-0.05,129,0.8694262478185555,13.3022,13.2153,13.1718,13.3892
2021-07-09,267101,4110339,15.25,15.5,15.25,15.3,0.1,139,0.8694262478185555,13.2588,13.3022,13.2588,13.4761
2021-07-12,504142,7822294,15.4,15.7,15.4,15.65,0.35,199,0.8694262478185555,13.3892,13.6065,13.3892,13.65
2021-07-13,859245,13535732,15.7,16.0,15.35,15.65,0.0,326,0.8694262478185555,13.65,13.6065,13.3457,13.9108
2021-07-14,372559,5776415,15.75,15.75,15.25,15.65,0.0,139,0.8694262478185555,13.6935,13.6065,13.2588,13.6935
2021-07-15,524953,8164181,15.75,15.75,15.4,15.65,0.0,117,0.8694262478185555,13.6935,13.6065,13.3892,13.6935
2021-07-16,297905,4631155,15.7,15.7,15.45,15.55,-0.1,99,0.8694262478185555,13.65,13.5196,13.4326,13.65
2021-07-19,391985,6132468,15.6,15.8,15.4,15.7,0.15,147,0.8694262478185555,13.563,13.65,13.3892,13.7369
2021-07-20,608625,9677590,15.7,16.0,15.65,15.95,0.25,249,0.8694262478185555,13.65,13.8673,13.6065,13.9108
2021-07-21,889256,14216510,16.0,16.35,15.7,15.8,-0.15,255,0.8694262478185555,13.9108,13.7369,13.65,14.2151
2021-07-22,517321,8058100,15.55,15.7,15.4,15.4,0.0,152,0.8862538526150437,13.7812,13.6483,13.6483,13.9142
2021-07-23,139531,2154177,15.6,15.6,15.35,15.45,0.05,67,0.8862538526150437,13.8256,13.6926,13.604,13.8256
2021-07-26,206980,3160848,15.4,15.55,15.15,15.15,-0.3,129,0.8862538526150437,13.6483,13.4267,13.4267,13.7812
2021-07-27,422890,6313409,15.25,15.25,14.6,14.6,-0.55,198,0.8862538526150437,13.5154,12.9393,12.9393,13.5154
2021-07-28,333930,4883797,14.6,15.0,14.25,14.4,-0.2,165,0.8862538526150437,12.9393,12.7621,12.6291,13.2938
2021-07-29,120101,1762224,14.5,14.8,14.5,14.65,0.25,56,0.8862538526150437,12.8507,12.9836,12.8507,13.1166
2021-07-30,70958,1042505,14.75,14.8,14.6,14.6,-0.05,50,0.8862538526150437,13.0722,12.9393,12.9393,13.1166
2021-08-02,39410,577084,14.6,14.75,14.55,14.7,0.1,36,0.8862538526150437,12.9393,13.0279,12.895,13.0722
2021-08-03,140867,2068394,14.65,14.8,14.55,14.8,0.1,58,0.8862538526150437,12.9836,13.1166,12.895,13.1166
2021-08-04,216400,3200453,14.85,15.0,14.7,14.9,0.1,87,0.8862538526150437,13.1609,13.2052,13.0279,13.2938
2021-08-05,244653,3625378,14.75,14.9,14.7,14.9,0.0,61,0.8862538526150437,13.0722,13.2052,13.0279,13.2052
2021-08-06,205759,3073582,15.0,15.1,14.75,14.9,0.0,85,0.8862538526150437,13.2938,13.2052,13.0722,13.3824
2021-08-09,242967,3648761,14.85,15.15,14.85,15.05,0.15,93,0.8862538526150437,13.1609,13.3381,13.1609,13.4267
2021-08-10,127302,1902948,15.05,15.15,14.8,14.8,-0.25,63,0.8862538526150437,13.3381,13.1166,13.1166,13.4267
2021-08-11,245102,3601029,14.9,14.9,14.5,14.55,-0.25,107,0.8862538526150437,13.2052,12.895,12.8507,13.2052
2021-08-12,504574,7387858,14.65,14.85,14.5,14.6,0.05,95,0.8862538526150437,12.9836,12.9393,12.8507,13.1609
2021-08-13,365381,5343187,14.8,14.8,14.45,14.65,0.05,117,0.8862538526150437,13.1166,12.9836,12.8064,13.1166
2021-08-16,324945,4766826,14.65,14.85,14.45,14.8,0.15,146,0.8862538526150437,12.9836,13.1166,12.8064,13.1609
2021-08-17,467337,6789085,14.8,14.8,14.45,14.65,-0.15,142,0.8862538526150437,13.1166,12.9836,12.8064,13.1166
2021-08-18,475868,6953132,14.35,14.8,14.35,14.7,0.05,120,0.8862538526150437,12.7177,13.0279,12.7177,13.1166
2021-08-19,158896,2304281,14.65,14.7,14.45,14.45,-0.25,77,0.8862538526150437,12.9836,12.8064,12.8064,13.0279
2021-08-20,110861,1609949,14.6,14.65,14.45,14.55,0.1,68,0.8862538526150437,12.9393,12.895,12.8064,12.9836
2021-08-23,541650,8104476,14.65,15.2,14.65,15.15,0.6,156,0.8862538526150437,12.9836,13.4267,12.9836,13.4711
2021-08-24,210841,3190913,15.25,15.25,14.95,15.2,0.05,96,0.8862538526150437,13.5154,13.4711,13.2495,13.5154
2021-08-25,297440,4556690,15.3,15.45,15.15,15.4,0.2,101,0.8862538526150437,13.5597,13.6483,13.4267,13.6926
2021-08-26,82700,1271587,15.35,15.45,15.2,15.4,0.0,56,0.8862538526150437,13.604,13.6483,13.4711,13.6926
2021-08-27,63421,975139,15.25,15.45,15.25,15.4,0.0,52,0.8862538526150437,13.5154,13.6483,13.5154,13.6926
2021-08-30,85010,1312902,15.3,15.5,15.3,15.45,0.05,52,0.8862538526150437,13.5597,13.6926,13.5597,13.7369
2021-08-31,55100,845940,15.45,15.45,15.25,15.3,-0.15,30,0.8862538526150437,13.6926,13.5597,13.5154,13.6926
2021-09-01,85779,1310212,15.3,15.45,15.2,15.3,0.0,51,0.8862538526150437,13.5597,13.5597,13.4711,13.6926
2021-09-02,81138,1238761,15.4,15.4,15.15,15.2,-0.1,46,0.8862538526150437,13.6483,13.4711,13.4267,13.6483
2021-09-03,144431,2226257,15.3,15.5,15.3,15.4,0.2,83,0.8862538526150437,13.5597,13.6483,13.5597,13.7369
2021-09-06,126748,1939759,15.4,15.5,15.2,15.2,-0.2,62,0.8862538526150437,13.6483,13.4711,13.4711,13.7369
2021-09-07,63132,959506,15.2,15.3,15.15,15.15,-0.05,33,0.8862538526150437,13.4711,13.4267,13.4267,13.5597
2021-09-08,162793,2470295,15.15,15.35,15.1,15.1,-0.05,64,0.8862538526150437,13.4267,13.3824,13.3824,13.604
2021-09-09,377500,5716549,15.25,15.3,15.0,15.25,0.15,95,0.8862538526150437,13.5154,13.5154,13.2938,13.5597
2021-09-10,105571,1623979,15.35,15.5,15.3,15.4,0.15,60,0.8862538526150437,13.604,13.6483,13.5597,13.7369
2021-09-13,1953846,29899003,15.4,15.45,15.3,15.3,-0.1,45,0.8862538526150437,13.6483,13.5597,13.5597,13.6926
2021-09-14,59924,919878,15.4,15.4,15.3,15.35,0.05,44,0.8862538526150437,13.6483,13.604,13.5597,13.6483
2021-09-15,75022,1142835,15.35,15.35,15.15,15.15,-0.2,51,0.8862538526150437,13.604,13.4267,13.4267,13.604
2021-09-16,794620,12338261,15.2,15.6,15.2,15.6,0.45,113,0.8862538526150437,13.4711,13.8256,13.4711,13.8256
2021-09-17,112033,1741157,15.7,15.7,15.35,15.35,-0.25,53,0.8862538526150437,13.9142,13.604,13.604,13.9142
2021-09-22,403157,6129824,15.15,15.4,15.1,15.15,-0.2,116,0.8862538526150437,13.4267,13.4267,13.3824,13.6483
2021-09-23,196311,3029424,15.35,15.55,15.3,15.4,0.25,66,0.8862538526150437,13.604,13.6483,13.5597,13.7812
2021-09-24,92968,1436772,15.5,15.55,15.4,15.5,0.1,37,0.8862538526150437,13.7369,13.7369,13.6483,13.7812
2021-09-27,68964,1069498,15.5,15.55,15.45,15.45,-0.05,41,0.8862538526150437,13.7369,13.6926,13.6926,13.7812
2021-09-28,93718,1449442,15.45,15.55,15.45,15.5,0.05,27,0.8862538526150437,13.6926,13.7369,13.6926,13.7812
2021-09-29,85838,1317270,15.55,15.55,15.25,15.3,-0.2,72,0.8862538526150437,13.7812,13.5597,13.5154,13.7812
2021-09-30,32492,498040,15.3,15.5,15.25,15.35,0.05,30,0.8862538526150437,13.5597,13.604,13.5154,13.7369
2021-10-01,427506,6538825,15.25,15.5,15.1,15.5,0.15,111,0.8862538526150437,13.5154,13.7369,13.3824,13.7369
2021-10-04,302150,4665009,15.5,15.55,15.2,15.45,-0.05,129,0.8862538526150437,13.7369,13.6926,13.4711,13.7812
2021-10-05,576433,8962829,15.5,15.6,15.35,15.6,0.15,176,0.8862538526150437,13.7369,13.8256,13.604,13.8256
2021-10-06,300259,4652440,15.6,15.6,15.35,15.4,-0.2,175,0.8862538526150437,13.8256,13.6483,13.604,13.8256
2021-10-07,210395,3259581,15.4,15.6,15.25,15.5,0.1,126,0.8862538526150437,13.6483,13.7369,13.5154,13.8256
2021-10-08,467488,7214098,15.4,15.6,15.2,15.4,-0.1,154,0.8862538526150437,13.6483,13.6483,13.4711,13.8256
2021-10-12,183006,2805141,15.3,15.4,15.2,15.25,-0.15,86,0.8862538526150437,13.5597,13.5154,13.4711,13.6483
2021-10-13,89542,1363134,15.45,15.45,15.15,15.2,-0.05,51,0.8862538526150437,13.6926,13.4711,13.4267,13.6926
2021-10-14,150370,2283803,15.4,15.4,15.15,15.25,0.05,51,0.8862538526150437,13.6483,13.5154,13.4267,13.6483
2021-10-15,376484,5842355,15.35,15.6,15.3,15.4,0.15,94,0.8862538526150437,13.604,13.6483,13.5597,13.8256
2021-10-18,109692,1697355,15.4,15.5,15.4,15.5,0.1,46,0.8862538526150437,13.6483,13.7369,13.6483,13.7369
2021-10-19,51727,799451,15.4,15.5,15.4,15.5,0.0,49,0.8862538526150437,13.6483,13.7369,13.6483,13.7369
2021-10-20,78010,1208804,15.5,15.55,15.45,15.5,0.0,73,0.8862538526150437,13.7369,13.7369,13.6926,13.7812
2021-10-21,56160,869085,15.55,15.55,15.45,15.5,0.0,33,0.8862538526150437,13.7812,13.7369,13.6926,13.7812
2021-10-22,83303,1282481,15.4,15.5,15.35,15.35,-0.15,53,0.8862538526150437,13.6483,13.604,13.604,13.7369
2021-10-25,51622,792004,15.35,15.4,15.25,15.3,-0.05,23,0.8862538526150437,13.604,13.5597,13.5154,13.6483
2021-10-26,60194,926585,15.4,15.45,15.35,15.4,0.1,34,0.8862538526150437,13.6483,13.6483,13.604,13.6926
2021-10-27,81187,1245527,15.4,15.4,15.25,15.3,-0.1,42,0.8862538526150437,13.6483,13.5597,13.5154,13.6483
2021-10-28,41348,633828,15.3,15.4,15.25,15.35,0.05,22,0.8862538526150437,13.5597,13.604,13.5154,13.6483
2021-10-29,25494,391581,15.45,15.45,15.3,15.3,-0.05,21,0.8862538526150437,13.6926,13.5597,13.5597,13.6926
2021-11-01,40158,617238,15.4,15.5,15.3,15.35,0.05,43,0.8862538526150437,13.6483,13.604,13.5597,13.7369
2021-11-02,336924,5162571,15.3,15.55,15.2,15.3,-0.05,127,0.8862538526150437,13.5597,13.5597,13.4711,13.7812
2021-11-03,187915,2859810,15.3,15.3,15.2,15.25,-0.05,114,0.8862538526150437,13.5597,13.5154,13.4711,13.5597
2021-11-04,453070,6921864,15.25,15.45,15.15,15.35,0.1,138,0.8862538526150437,13.5154,13.604,13.4267,13.6926
2021-11-05,46394,709728,15.35,15.4,15.25,15.35,0.0,24,0.8862538526150437,13.604,13.604,13.5154,13.6483
2021-11-08,106095,1631905,15.35,15.45,15.35,15.4,0.05,33,0.8862538526150437,13.604,13.6483,13.604,13.6926
2021-11-09,122405,1885344,15.4,15.45,15.35,15.45,0.05,52,0.8862538526150437,13.6483,13.6926,13.604,13.6926
2021-11-10,213692,3305847,15.45,15.55,15.4,15.45,0.0,94,0.8862538526150437,13.6926,13.6926,13.6483,13.7812
2021-11-11,126113,1947288,15.55,15.55,15.35,15.4,-0.05,58,0.8862538526150437,13.7812,13.6483,13.604,13.7812
2021-11-12,55612,856765,15.45,15.5,15.35,15.35,-0.05,40,0.8862538526150437,13.6926,13.604,13.604,13.7369
2021-11-15,214176,3311909,15.4,15.6,15.35,15.4,0.05,64,0.8862538526150437,13.6483,13.6483,13.604,13.8256
2021-11-16,575447,8899504,15.45,15.55,15.35,15.45,0.05,144,0.8862538526150437,13.6926,13.6926,13.604,13.7812
2021-11-17,165678,2561828,15.5,15.55,15.4,15.45,0.0,50,0.8862538526150437,13.7369,13.6926,13.6483,13.7812
2021-11-18,70692,1092790,15.5,15.5,15.4,15.45,0.0,45,0.8862538526150437,13.7369,13.6926,13.6483,13.7369
2021-11-19,274811,4262480,15.4,15.6,15.4,15.5,0.05,86,0.8862538526150437,13.6483,13.7369,13.6483,13.8256
2021-11-22,161234,2494077,15.5,15.55,15.4,15.5,0.0,79,0.8862538526150437,13.7369,13.7369,13.6483,13.7812
2021-11-23,145614,2262992,15.6,15.6,15.5,15.5,0.0,90,0.8862538526150437,13.8256,13.7369,13.7369,13.8256
2021-11-24,544485,8450274,15.6,15.6,15.4,15.5,0.0,148,0.8862538526150437,13.8256,13.7369,13.6483,13.8256
2021-11-25,2484866,39561511,15.6,16.2,15.5,15.65,0.15,671,0.8862538526150437,13.8256,13.8699,13.7369,14.3573
2021-11-26,829039,12832577,15.7,15.75,15.3,15.5,-0.15,295,0.8862538526150437,13.9142,13.7369,13.5597,13.9585
2021-11-29,900700,13779870,15.35,15.55,15.2,15.45,-0.05,209,0.8862538526150437,13.604,13.6926,13.4711,13.7812
2021-11-30,558593,8590002,15.5,15.5,15.3,15.4,-0.05,147,0.8862538526150437,13.7369,13.6483,13.5597,13.7369
2021-12-01,447029,6914247,15.45,15.6,15.25,15.45,0.05,136,0.8862538526150437,13.6926,13.6926,13.5154,13.8256
2021-12-02,273482,4217900,15.5,15.55,15.3,15.4,-0.05,77,0.8862538526150437,13.7369,13.6483,13.5597,13.7812
2021-12-03,205783,3176978,15.5,15.55,15.35,15.45,0.05,50,0.8862538526150437,13.7369,13.6926,13.604,13.7812
2021-12-06,235837,3666217,15.45,15.6,15.45,15.45,0.0,89,0.8862538526150437,13.6926,13.6926,13.6926,13.8256
2021-12-07,208002,3197655,15.45,15.5,15.3,15.35,-0.1,119,0.8862538526150437,13.6926,13.604,13.5597,13.7369
2021-12-08,90110,1385605,15.5,15.5,15.35,15.4,0.05,47,0.8862538526150437,13.7369,13.6483,13.604,13.7369
2021-12-09,200663,3079074,15.4,15.45,15.3,15.3,-0.1,82,0.8862538526150437,13.6483,13.5597,13.5597,13.6926
2021-12-10,172108,2631953,15.3,15.35,15.25,15.25,-0.05,85,0.8862538526150437,13.5597,13.5154,13.5154,13.604
2021-12-13,307720,4746359,15.25,15.6,15.25,15.5,0.25,90,0.8862538526150437,13.5154,13.7369,13.5154,13.8256
2021-12-14,539106,8337261,15.45,15.55,15.3,15.5,0.0,111,0.8862538526150437,13.6926,13.7369,13.5597,13.7812
2021-12-15,673375,10518386,15.5,15.8,15.4,15.7,0.2,153,0.8862538526150437,13.7369,13.9142,13.6483,14.0028
2021-12-16,564420,8684087,15.75,15.75,15.3,15.4,-0.3,109,0.8862538526150437,13.9585,13.6483,13.5597,13.9585
2021-12-17,163344,2531053,15.5,15.55,15.35,15.5,0.1,54,0.8862538526150437,13.7369,13.7369,13.604,13.7812
2021-12-20,70000,1077800,15.5,15.55,15.35,15.4,-0.1,38,0.8862538526150437,13.7369,13.6483,13.604,13.7812
2021-12-21,1546984,24008713,15.5,15.65,15.4,15.4,0.0,537,0.8862538526150437,13.7369,13.6483,13.6483,13.8699
2021-12-22,387100,5973349,15.5,15.5,15.35,15.35,-0.05,148,0.8862538526150437,13.7369,13.604,13.604,13.7369
2021-12-23,265241,4082130,15.4,15.45,15.35,15.45,0.1,125,0.8862538526150437,13.6483,13.6926,13.604,13.6926
2021-12-24,289234,4476041,15.5,15.6,15.4,15.4,-0.05,104,0.8862538526150437,13.7369,13.6483,13.6483,13.8256
2021-12-27,253528,3894139,15.4,15.45,15.35,15.35,-0.05,119,0.8862538526150437,13.6483,13.604,13.604,13.6926
2021-12-28,143474,2201655,15.35,15.4,15.3,15.35,0.0,85,0.8862538526150437,13.604,13.604,13.5597,13.6483
2021-12-29,118133,1818390,15.35,15.45,15.35,15.35,0.0,84,0.8862538526150437,13.604,13.604,13.604,13.6926
2021-12-30,270861,4148419,15.4,15.4,15.3,15.3,-0.05,110,0.8862538526150437,13.6483,13.5597,13.5597,13.6483
2022-02-07,235290,3552681,15.15,15.2,15.05,15.05,-0.1,83,0.8862538526150437,13.4267,13.3381,13.3381,13.4711
2022-02-08,293153,4459225,15.1,15.3,15.05,15.25,0.2,78,0.8862538526150437,13.3824,13.5154,13.3381,13.5597
2022-02-09,109595,1667646,15.25,15.3,15.15,15.3,0.05,56,0.8862538526150437,13.5154,13.5597,13.4267,13.5597
2022-02-10,2438541,38152288,15.4,16.1,15.35,15.45,0.15,1114,0.8862538526150437,13.6483,13.6926,13.604,14.2687
2022-02-11,399881,6164829,15.35,15.55,15.3,15.45,0.0,205,0.8862538526150437,13.604,13.6926,13.5597,13.7812
2022-02-14,316733,4865223,15.4,15.5,15.2,15.5,0.05,165,0.8862538526150437,13.6483,13.7369,13.4711,13.7369
2022-02-15,787245,12338736,15.5,15.8,15.45,15.65,0.15,532,0.8862538526150437,13.7369,13.8699,13.6926,14.0028
2022-02-16,15159491,258866508,15.8,17.2,15.75,17.2,1.55,4214,0.8862538526150437,14.0028,15.2436,13.9585,15.2436
2022-02-17,22131444,403164597,17.2,18.9,17.05,18.9,1.7,7064,0.8862538526150437,15.2436,16.7502,15.1106,16.7502
2022-02-18,22386584,456193053,19.1,20.75,19.05,20.75,1.85,6483,0.8862538526150437,16.9274,18.3898,16.8831,18.3898
2022-02-21,31161499,653943412,21.0,22.25,20.1,21.15,0.4,13695,0.8862538526150437,18.6113,18.7443,17.8137,19.7191
2022-02-22,11928997,248220169,21.05,21.45,20.1,21.15,0.0,6104,0.8862538526150437,18.6556,18.7443,17.8137,19.0101
2022-02-23,21110766,460266531,21.0,22.7,20.8,21.1,-0.05,10013,0.8862538526150437,18.6113,18.7,18.4341,20.118
2022-02-24,25861870,564750552,21.4,22.6,21.15,21.85,0.75,11894,0.8862538526150437,18.9658,19.3646,18.7443,20.0293
2022-02-25,25058233,566620476,22.05,23.35,21.7,23.35,1.5,10129,0.8862538526150437,19.5419,20.694,19.2317,20.694
2022-03-01,21077726,493057278,23.6,24.4,22.65,24.0,0.65,9005,0.8862538526150437,20.9156,21.2701,20.0736,21.6246
2022-03-02,16951656,414736875,23.65,25.05,23.5,25.0,1.0,7635,0.8862538526150437,20.9599,22.1563,20.827,22.2007
2022-03-03,20681587,535482038,25.0,27.5,24.65,26.2,1.2,9243,0.8862538526150437,22.1563,23.2199,21.8462,24.372
2022-03-04,36523598,1016765019,26.4,28.75,26.4,28.6,2.4,15845,0.8862538526150437,23.3971,25.3469,23.3971,25.4798
2022-03-07,33131826,912956612,29.3,29.65,25.75,25.75,-2.85,14867,0.8862538526150437,25.9672,22.821,22.821,26.2774
2022-03-08,1751035,40623981,23.2,23.2,23.2,23.2,-2.55,873,0.8862538526150437,20.5611,20.5611,20.5611,20.5611
2022-03-09,52126616,1163193309,21.6,24.5,20.9,21.0,-2.2,20295,0.8862538526150437,19.1431,18.6113,18.5227,21.7132
2022-03-10,21578674,486578587,21.7,23.1,21.55,23.1,2.1,7765,0.8862538526150437,19.2317,20.4725,19.0988,20.4725
2022-03-11,46874634,1117676392,23.1,25.0,23.05,25.0,1.9,19332,0.8862538526150437,20.4725,22.1563,20.4282,22.1563
2022-03-14,50716169,1349661631,25.4,27.5,25.4,27.5,2.5,21578,0.8862538526150437,22.5108,24.372,22.5108,24.372
2022-03-15,120323361,3359761046,28.3,29.85,26.35,27.55,0.05,49451,0.8862538526150437,25.081,24.4163,23.3528,26.4547
2022-03-16,70135866,1992116592,28.7,29.0,27.7,28.45,0.9,28559,0.8862538526150437,25.4355,25.2139,24.5492,25.7014
2022-03-17,47436985,1365633650,29.5,29.5,27.75,28.5,0.05,19566,0.8862538526150437,26.1445,25.2582,24.5935,26.1445
2022-03-18,23895488,671093566,28.3,28.8,27.2,27.45,-1.05,10371,0.8862538526150437,25.081,24.3277,24.1061,25.5241
2022-03-21,43379160,1160068064,27.2,28.35,25.0,28.35,0.9,20107,0.8862538526150437,24.1061,25.1253,22.1563,25.1253
2022-03-22,33026376,940329451,27.7,29.2,27.65,27.75,-0.6,15313,0.8862538526150437,24.5492,24.5935,24.5049,25.8786
2022-03-23,16829670,463858903,27.85,28.35,27.0,27.05,-0.7,7721,0.8862538526150437,24.6822,23.9732,23.9289,25.1253
2022-03-24,11343821,303710735,26.15,27.3,26.1,27.05,0.0,5214,0.8862538526150437,23.1755,23.9732,23.1312,24.1947
2022-03-25,9442447,253719811,27.25,27.55,26.45,26.45,-0.6,4210,0.8862538526150437,24.1504,23.4414,23.4414,24.4163
2022-03-28,17116513,430103459,26.0,26.1,24.5,24.85,-1.6,7618,0.8862538526150437,23.0426,22.0234,21.7132,23.1312
2022-03-29,9414310,235819745,25.2,25.4,24.65,24.9,0.05,4206,0.8862538526150437,22.3336,22.0677,21.8462,22.5108
2022-03-30,4989516,125903232,25.0,25.55,25.0,25.15,0.25,2345,0.8862538526150437,22.1563,22.2893,22.1563,22.6438
2022-03-31,3362885,84959042,25.45,25.55,25.0,25.25,0.1,1703,0.8862538526150437,22.5552,22.3779,22.1563,22.6438
2022-04-01,3669325,91601038,25.45,25.45,24.5,24.6,-0.65,1995,0.8862538526150437,22.5552,21.8018,21.7132,22.5552
2022-04-06,9764572,227427971,24.45,24.45,22.85,23.1,-1.5,4098,0.8862538526150437,21.6689,20.4725,20.2509,21.6689
2022-04-07,5852996,135515341,23.65,23.7,22.55,22.55,-0.55,2818,0.8862538526150437,20.9599,19.985,19.985,21.0042
2022-04-08,7043166,156739339,22.95,22.95,21.95,22.3,-0.25,2960,0.8862538526150437,20.3395,19.7635,19.4533,20.3395
2022-04-11,4292464,93801316,23.0,23.0,21.35,21.4,-0.9,2052,0.8862538526150437,20.3838,18.9658,18.9215,20.3838
2022-04-12,3623494,77297998,21.75,21.75,21.0,21.25,-0.15,1647,0.8862538526150437,19.276,18.8329,18.6113,19.276
2022-04-13,9834072,223961133,21.7,23.35,21.35,23.35,2.1,4605,0.8862538526150437,19.2317,20.694,18.9215,20.694
2022-04-14,25751265,620523115,23.8,25.1,23.25,23.25,-0.1,11830,0.8862538526150437,21.0928,20.6054,20.6054,22.245
2022-04-15,10632512,238671455,23.05,23.2,21.65,21.9,-1.35,4411,0.8862538526150437,20.4282,19.409,19.1874,20.5611
2022-04-18,2936034,57986669,19.75,19.75,19.75,19.75,-2.15,1546,0.8862538526150437,17.5035,17.5035,17.5035,17.5035
2022-04-19,16201319,301237516,18.7,19.55,18.25,18.5,-1.25,6768,0.8862538526150437,16.5729,16.3957,16.1741,17.3263
2022-04-20,10913314,206904267,18.8,19.35,18.6,18.75,0.25,5350,0.8862538526150437,16.6616,16.6173,16.4843,17.149
2022-04-21,5155704,96622054,18.95,19.15,18.4,18.6,-0.15,2365,0.8862538526150437,16.7945,16.4843,16.3071,16.9718
2022-04-22,4776532,88113548,18.6,18.9,18.0,18.15,-0.45,2242,0.8862538526150437,16.4843,16.0855,15.9526,16.7502
2022-04-25,7552564,134739528,17.65,18.35,17.25,17.8,-0.35,3265,0.8862538526150437,15.6424,15.7753,15.2879,16.2628
2022-04-26,8704904,157696087,18.55,19.0,17.5,17.5,-0.3,4086,0.8862538526150437,16.44,15.5094,15.5094,16.8388
2022-04-27,5773207,99253857,17.0,17.8,16.9,17.0,-0.5,2773,0.8862538526150437,15.0663,15.0663,14.9777,15.7753
2022-04-28,4973423,85801075,17.3,17.75,16.85,17.1,0.1,2333,0.8862538526150437,15.3322,15.1549,14.9334,15.731
2022-04-29,4221877,73714257,17.35,17.8,17.2,17.2,0.1,2076,0.8862538526150437,15.3765,15.2436,15.2436,15.7753
2022-05-03,1880692,32194578,17.2,17.5,16.95,17.2,0.0,908,0.8862538526150437,15.2436,15.2436,15.022,15.5094
2022-05-04,2736512,47165771,17.35,17.65,17.0,17.3,0.1,1381,0.8862538526150437,15.3765,15.3322,15.0663,15.6424
2022-05-05,7096641,127262687,17.5,18.35,17.35,18.1,0.8,3154,0.8862538526150437,15.5094,16.0412,15.3765,16.2628
2022-05-06,4244758,73797946,17.45,17.75,17.1,17.55,-0.55,2086,0.8862538526150437,15.4651,15.5538,15.1549,15.731
2022-05-09,3756830,63908965,17.3,17.5,16.55,16.55,-1.0,1960,0.8862538526150437,15.3322,14.6675,14.6675,15.5094
2022-05-10,7416529,126253094,15.9,17.7,15.9,17.1,0.55,3396,0.8862538526150437,14.0914,15.1549,14.0914,15.6867
2022-05-11,4566662,76617512,17.0,17.2,16.3,17.15,0.05,2110,0.8862538526150437,15.0663,15.1993,14.4459,15.2436
2022-05-12,3190002,53243836,16.7,17.3,16.3,16.5,-0.65,1451,0.8862538526150437,14.8004,14.6232,14.4459,15.3322
2022-05-13,3252147,55051567,16.6,17.25,16.55,16.9,0.4,1390,0.8862538526150437,14.7118,14.9777,14.6675,15.2879
2022-05-16,2677772,46367236,17.4,17.55,17.0,17.35,0.45,1226,0.8862538526150437,15.4208,15.3765,15.0663,15.5538
2022-05-17,3432035,61488410,17.25,18.25,17.25,18.05,0.7,1650,0.8862538526150437,15.2879,15.9969,15.2879,16.1741
2022-05-18,6583054,121161584,18.35,19.0,17.9,18.4,0.35,3194,0.8862538526150437,16.2628,16.3071,15.8639,16.8388
2022-05-19,4110578,73510927,17.95,18.25,17.5,18.05,-0.35,1850,0.8862538526150437,15.9083,15.9969,15.5094,16.1741
2022-05-20,1683379,30322689,18.1,18.35,17.9,17.9,-0.15,850,0.8862538526150437,16.0412,15.8639,15.8639,16.2628
2022-05-23,2763942,50815557,17.85,18.75,17.85,18.45,0.55,1450,0.8862538526150437,15.8196,16.3514,15.8196,16.6173
2022-05-24,2955498,53804024,18.5,18.7,17.9,18.2,-0.25,1435,0.8862538526150437,16.3957,16.1298,15.8639,16.5729
2022-05-25,1912149,35140471,18.25,18.7,18.05,18.35,0.15,917,0.8862538526150437,16.1741,16.2628,15.9969,16.5729
2022-05-26,4921603,90879833,18.65,19.2,18.0,18.0,-0.35,2463,0.8862538526150437,16.5286,15.9526,15.9526,17.0161
2022-05-27,2591537,48032438,18.25,18.85,18.15,18.45,0.45,1244,0.8862538526150437,16.1741,16.3514,16.0855,16.7059
2022-05-30,1722504,32325044,19.0,19.0,18.6,18.6,0.15,867,0.8862538526150437,16.8388,16.4843,16.4843,16.8388
2022-05-31,1553313,28906865,18.65,18.85,18.3,18.6,0.0,704,0.8862538526150437,16.5286,16.4843,16.2184,16.7059
2022-06-01,1003859,18588013,18.5,18.85,18.35,18.45,-0.15,524,0.8862538526150437,16.3957,16.3514,16.2628,16.7059
2022-06-02,1284109,23896715,18.5,18.8,18.4,18.55,0.1,614,0.8862538526150437,16.3957,16.44,16.3071,16.6616
2022-06-06,2946043,55693164,18.85,19.2,18.6,18.8,0.25,1486,0.8862538526150437,16.7059,16.6616,16.4843,17.0161
2022-06-07,1079766,20322178,18.8,18.95,18.65,18.9,0.1,589,0.8862538526150437,16.6616,16.7502,16.5286,16.7945
2022-06-08,1504238,28634765,19.15,19.3,18.8,18.95,0.05,793,0.8862538526150437,16.9718,16.7945,16.6616,17.1047
2022-06-09,1808987,34811854,19.0,19.4,18.85,19.35,0.4,1075,0.8862538526150437,16.8388,17.149,16.7059,17.1933
2022-06-10,4046146,79442213,19.0,20.2,19.0,20.05,0.7,1956,0.8862538526150437,16.8388,17.7694,16.8388,17.9023
2022-06-13,17760272,359034011,21.8,21.8,18.8,18.8,-1.25,7989,0.8862538526150437,19.3203,16.6616,16.6616,19.3203
2022-06-14,5688196,102849215,18.55,18.55,17.65,18.1,-0.7,2731,0.8862538526150437,16.44,16.0412,15.6424,16.44
2022-06-15,2920433,52199350,18.0,18.4,17.6,17.65,-0.45,1602,0.8862538526150437,15.9526,15.6424,15.5981,16.3071
2022-06-16,2782701,49646597,17.9,18.35,17.4,17.4,-0.25,1624,0.8862538526150437,15.8639,15.4208,15.4208,16.2628
2022-06-17,4132234,74134615,17.4,18.5,17.2,18.2,0.8,2086,0.8862538526150437,15.4208,16.1298,15.2436,16.3957
2022-06-20,2990358,52515389,18.25,18.25,17.2,17.3,-0.9,1340,0.8862538526150437,16.1741,15.3322,15.2436,16.1741
2022-06-21,2052311,36970205,17.6,18.4,17.55,18.25,0.95,1094,0.8862538526150437,15.5981,16.1741,15.5538,16.3071
2022-06-22,2074902,37610021,18.25,18.7,17.6,17.7,-0.55,1160,0.8862538526150437,16.1741,15.6867,15.5981,16.5729
2022-06-23,2000286,36222708,18.05,18.45,17.75,18.05,0.35,999,0.8862538526150437,15.9969,15.9969,15.731,16.3514
2022-06-24,1247829,22934738,18.3,18.6,18.1,18.3,0.25,671,0.8862538526150437,16.2184,16.2184,16.0412,16.4843
2022-06-27,2100738,39529624,18.6,19.1,18.5,18.85,0.55,1094,0.8862538526150437,16.4843,16.7059,16.3957,16.9274
2022-06-28,2323327,44116668,18.65,19.25,18.65,19.0,0.15,984,0.8862538526150437,16.5286,16.8388,16.5286,17.0604
2022-06-29,2189407,41806352,18.95,19.45,18.7,19.25,0.25,1149,0.8862538526150437,16.7945,17.0604,16.5729,17.2376
2022-06-30,2212787,41766731,19.15,19.25,18.7,18.75,-0.5,1065,0.8862538526150437,16.9718,16.6173,16.5729,17.0604
2022-07-01,3131754,57987199,19.1,19.45,17.7,17.85,-0.9,1644,0.8862538526150437,16.9274,15.8196,15.6867,17.2376
2022-07-04,1520461,27321347,18.15,18.25,17.6,17.9,0.05,774,0.8862538526150437,16.0855,15.8639,15.5981,16.1741
2022-07-05,2689287,49731248,18.25,18.9,18.05,18.9,1.0,1197,0.8862538526150437,16.1741,16.7502,15.9969,16.7502
2022-07-06,2230573,42103911,18.9,19.15,18.55,18.7,-0.2,1188,0.8862538526150437,16.7502,16.5729,16.44,16.9718
2022-07-07,2679833,50978234,18.8,19.35,18.45,19.25,0.55,1375,0.8862538526150437,16.6616,17.0604,16.3514,17.149
2022-07-08,3910487,76861513,19.45,19.95,19.15,19.7,0.45,1880,0.8862538526150437,17.2376,17.4592,16.9718,17.6808
2022-07-11,3922816,75971313,20.0,20.15,18.7,19.1,-0.6,1895,0.8862538526150437,17.7251,16.9274,16.5729,17.858
2022-07-12,3668996,66502356,19.1,19.1,17.75,17.8,-1.3,1847,0.8862538526150437,16.9274,15.7753,15.731,16.9274
2022-07-13,2057506,37565445,18.3,18.55,17.85,18.3,0.5,1019,0.8862538526150437,16.2184,16.2184,15.8196,16.44
2022-07-14,1694998,30735851,18.3,18.45,17.8,18.3,0.0,849,0.8862538526150437,16.2184,16.2184,15.7753,16.3514
2022-07-15,1580416,28240612,18.3,18.3,17.7,17.75,-0.55,913,0.8862538526150437,16.2184,15.731,15.6867,16.2184
2022-07-18,6008893,114660775,18.0,19.5,17.95,18.8,1.05,2735,0.8862538526150437,15.9526,16.6616,15.9083,17.282
2022-07-19,6349091,123237086,18.75,20.1,18.75,19.3,0.5,3176,0.8862538526150437,16.6173,17.1047,16.6173,17.8137
2022-07-20,12664601,259704240,19.6,20.75,19.6,20.75,0.0,5267,0.9050105479084838,17.7382,18.779,17.7382,18.779
2022-07-21,13052417,270918907,21.5,21.5,20.15,20.8,0.05,5841,0.9050105479084838,19.4577,18.8242,18.236,19.4577
2022-07-22,5735357,114938262,20.6,20.75,19.65,19.7,-1.1,2907,0.9050105479084838,18.6432,17.8287,17.7835,18.779
2022-07-25,2724963,52377994,19.35,19.55,19.0,19.15,-0.55,1329,0.9050105479084838,17.512,17.331,17.1952,17.693
2022-07-26,3062365,58060532,19.25,19.6,18.6,18.65,-0.5,1672,0.9050105479084838,17.4215,16.8784,16.8332,17.7382
2022-07-27,5947834,115337510,18.85,19.85,18.8,19.5,0.85,2821,0.9050105479084838,17.0594,17.6477,17.0142,17.9645
2022-07-28,3492413,68496168,19.5,20.0,19.2,19.7,0.2,1692,0.9050105479084838,17.6477,17.8287,17.3762,18.1002
2022-07-29,1833127,36340949,19.85,20.05,19.6,19.95,0.25,994,0.9050105479084838,17.9645,18.055,17.7382,18.1455
2022-08-01,1582621,31043394,20.2,20.2,19.45,19.5,-0.45,864,0.9050105479084838,18.2812,17.6477,17.6025,18.2812
2022-08-02,1707670,32689156,19.2,19.4,19.0,19.1,-0.4,852,0.9050105479084838,17.3762,17.2857,17.1952,17.5572
2022-08-03,1599053,30496023,19.1,19.3,18.8,19.15,0.05,777,0.9050105479084838,17.2857,17.331,17.0142,17.4667
2022-08-04,1816186,34155502,19.1,19.2,18.55,19.05,-0.1,965,0.9050105479084838,17.2857,17.2405,16.7879,17.3762
2022-08-05,1493915,29152593,19.15,19.75,19.1,19.55,0.5,751,0.9050105479084838,17.331,17.693,17.2857,17.874
2022-08-08,1197053,23608305,19.5,20.0,19.35,19.7,0.15,699,0.9050105479084838,17.6477,17.8287,17.512,18.1002
2022-08-09,880105,17140895,19.55,19.7,19.35,19.4,-0.3,469,0.9050105479084838,17.693,17.5572,17.512,17.8287
2022-08-10,848995,16298263,19.55,19.55,19.1,19.15,-0.25,470,0.9050105479084838,17.693,17.331,17.2857,17.693
2022-08-11,1155756,22296818,19.5,19.55,19.0,19.1,-0.05,530,0.9050105479084838,17.6477,17.2857,17.1952,17.693
2022-08-12,1067045,20279438,19.1,19.15,18.9,18.9,-0.2,550,0.9050105479084838,17.2857,17.1047,17.1047,17.331
2022-08-15,1125241,21342288,18.9,19.2,18.7,19.1,0.2,548,0.9050105479084838,17.1047,17.2857,16.9237,17.3762
2022-08-16,768297,14712125,18.95,19.3,18.95,19.1,0.0,348,0.9050105479084838,17.1499,17.2857,17.1499,17.4667
2022-08-17,710466,13586924,19.2,19.35,19.0,19.0,-0.1,385,0.9050105479084838,17.3762,17.1952,17.1952,17.512
2022-08-18,669966,12683447,19.0,19.05,18.8,18.9,-0.1,386,0.9050105479084838,17.1952,17.1047,17.0142,17.2405
2022-08-19,916328,17320792,18.9,19.05,18.8,19.0,0.1,471,0.9050105479084838,17.1047,17.1952,17.0142,17.2405
2022-08-22,2244039,43759957,18.95,19.85,18.9,19.5,0.5,1105,0.9050105479084838,17.1499,17.6477,17.1047,17.9645
2022-08-23,1853934,35421223,19.4,19.6,18.9,18.95,-0.55,910,0.9050105479084838,17.5572,17.1499,17.1047,17.7382
2022-08-24,1238304,23350874,19.05,19.05,18.7,18.75,-0.2,659,0.9050105479084838,17.2405,16.9689,16.9237,17.2405
2022-08-25,890327,16765099,18.95,19.05,18.7,18.75,0.0,486,0.9050105479084838,17.1499,16.9689,16.9237,17.2405
2022-08-26,4669309,90460216,18.9,19.9,18.65,19.35,0.6,2101,0.9050105479084838,17.1047,17.512,16.8784,18.0097
2022-08-29,2916974,54337645,18.8,18.95,18.5,18.55,-0.8,1448,0.9050105479084838,17.0142,16.7879,16.7427,17.1499
2022-08-30,2107274,38737158,18.65,18.65,18.2,18.35,-0.2,1050,0.9050105479084838,16.8784,16.6069,16.4712,16.8784
2022-08-31,2751841,50481189,18.15,18.75,18.15,18.3,-0.05,1158,0.9050105479084838,16.4259,16.5617,16.4259,16.9689
2022-09-01,2737536,49333028,18.2,18.5,17.8,17.9,-0.4,1260,0.9050105479084838,16.4712,16.1997,16.1092,16.7427
2022-09-02,1679394,29669187,17.95,18.0,17.35,17.7,-0.2,899,0.9050105479084838,16.2449,16.0187,15.7019,16.2902
2022-09-05,1129032,19846877,17.6,17.85,17.4,17.45,-0.25,511,0.9050105479084838,15.9282,15.7924,15.7472,16.1544
2022-09-06,1027874,18070781,17.6,17.9,17.4,17.4,-0.05,522,0.9050105479084838,15.9282,15.7472,15.7472,16.1997
2022-09-07,993225,16976235,17.4,17.4,17.0,17.0,-0.4,579,0.9050105479084838,15.7472,15.3852,15.3852,15.7472
2022-09-08,670326,11457201,17.05,17.3,17.0,17.15,0.15,331,0.9050105479084838,15.4304,15.5209,15.3852,15.6567
2022-09-12,1475367,26161391,17.2,18.2,17.2,18.0,0.85,779,0.9050105479084838,15.5662,16.2902,15.5662,16.4712
2022-09-13,1563048,28402365,18.1,18.45,17.8,18.45,0.45,830,0.9050105479084838,16.3807,16.6974,16.1092,16.6974
2022-09-14,1203926,21616586,17.7,18.2,17.65,17.9,-0.55,692,0.9050105479084838,16.0187,16.1997,15.9734,16.4712
2022-09-15,951586,17045004,18.1,18.1,17.8,17.8,-0.1,494,0.9050105479084838,16.3807,16.1092,16.1092,16.3807
2022-09-16,653304,11604196,17.7,17.95,17.7,17.7,-0.1,340,0.9050105479084838,16.0187,16.0187,16.0187,16.2449
2022-09-19,595808,10594007,17.7,18.0,17.5,17.85,0.15,331,0.9050105479084838,16.0187,16.1544,15.8377,16.2902
2022-09-20,950573,17215523,18.05,18.25,17.9,18.15,0.3,534,0.9050105479084838,16.3354,16.4259,16.1997,16.5164
2022-09-21,728434,12978575,18.15,18.15,17.7,17.7,-0.45,401,0.9050105479084838,16.4259,16.0187,16.0187,16.4259
2022-09-22,1460651,26229341,17.7,18.25,17.5,17.95,0.25,631,0.9050105479084838,16.0187,16.2449,15.8377,16.5164
2022-09-23,798828,14053218,17.95,18.05,17.4,17.4,-0.55,466,0.9050105479084838,16.2449,15.7472,15.7472,16.3354
2022-09-26,2328687,39256874,17.1,17.2,16.5,16.75,-0.65,1078,0.9050105479084838,15.4757,15.1589,14.9327,15.5662
2022-09-27,2006128,33074967,16.65,16.85,16.15,16.7,-0.05,971,0.9050105479084838,15.0684,15.1137,14.6159,15.2494
2022-09-28,1708360,28009721,16.7,16.95,16.1,16.1,-0.6,896,0.9050105479084838,15.1137,14.5707,14.5707,15.3399
2022-09-29,1809254,30394869,16.5,17.1,16.5,16.8,0.7,741,0.9050105479084838,14.9327,15.2042,14.9327,15.4757
2022-09-30,1970447,32124988,16.5,16.8,16.0,16.7,-0.1,833,0.9050105479084838,14.9327,15.1137,14.4802,15.2042
2022-10-03,1180095,20119655,16.6,17.3,16.5,17.2,0.5,546,0.9050105479084838,15.0232,15.5662,14.9327,15.6567
2022-10-04,1451277,25580161,17.45,17.95,17.25,17.65,0.45,740,0.9050105479084838,15.7924,15.9734,15.6114,16.2449
2022-10-05,769108,13475664,17.75,17.9,17.25,17.25,-0.4,403,0.9050105479084838,16.0639,15.6114,15.6114,16.1997
2022-10-06,498082,8537266,17.4,17.5,17.0,17.15,-0.1,268,0.9050105479084838,15.7472,15.5209,15.3852,15.8377
2022-10-07,539205,9391071,17.3,17.65,17.2,17.45,0.3,308,0.9050105479084838,15.6567,15.7924,15.5662,15.9734
2022-10-11,1277534,21377416,17.1,17.1,16.5,16.5,-0.95,719,0.9050105479084838,15.4757,14.9327,14.9327,15.4757
2022-10-12,734808,12074677,16.6,16.7,16.3,16.4,-0.1,369,0.9050105479084838,15.0232,14.8422,14.7517,15.1137
2022-10-13,3984026,62443497,16.6,16.7,15.1,15.75,-0.65,1433,0.9050105479084838,15.0232,14.2539,13.6657,15.1137
2022-10-14,972634,15610919,15.75,16.35,15.75,16.1,0.35,474,0.9050105479084838,14.2539,14.5707,14.2539,14.7969
2022-10-17,1769024,26997757,15.55,15.6,15.05,15.5,-0.6,711,0.9050105479084838,14.0729,14.0277,13.6204,14.1182
2022-10-18,933850,14398289,15.75,15.75,15.2,15.5,0.0,436,0.9050105479084838,14.2539,14.0277,13.7562,14.2539
2022-10-19,981123,15321270,15.5,15.9,15.35,15.35,-0.15,459,0.9050105479084838,14.0277,13.8919,13.8919,14.3897
2022-10-20,1877006,28114508,15.3,15.4,14.8,14.9,-0.45,820,0.9050105479084838,13.8467,13.4847,13.3942,13.9372
2022-10-21,1865498,27217693,14.9,14.95,14.2,14.8,-0.1,758,0.9050105479084838,13.4847,13.3942,12.8511,13.5299
2022-10-24,722371,10793748,15.0,15.25,14.7,14.75,-0.05,417,0.9050105479084838,13.5752,13.3489,13.3037,13.8014
2022-10-25,2092981,29789578,14.75,14.95,13.75,14.3,-0.45,953,0.9050105479084838,13.3489,12.9417,12.4439,13.5299
2022-10-26,2356911,33120160,14.25,14.35,13.8,14.35,0.05,983,0.9050105479084838,12.8964,12.9869,12.4891,12.9869
2022-10-27,778937,11261043,14.2,14.6,14.2,14.5,0.15,373,0.9050105479084838,12.8511,13.1227,12.8511,13.2132
2022-10-28,474943,6763735,14.45,14.6,14.0,14.0,-0.5,282,0.9050105479084838,13.0774,12.6701,12.6701,13.2132
2022-10-31,491047,7056371,14.2,14.55,14.2,14.35,0.35,305,0.9050105479084838,12.8511,12.9869,12.8511,13.1679
2022-11-01,699532,10291771,14.6,14.85,14.5,14.65,0.3,384,0.9050105479084838,13.2132,13.2584,13.1227,13.4394
2022-11-02,291403,4272313,14.55,14.75,14.55,14.6,-0.05,182,0.9050105479084838,13.1679,13.2132,13.1679,13.3489
2022-11-03,715506,10326427,14.55,14.65,14.25,14.65,0.05,359,0.9050105479084838,13.1679,13.2584,12.8964,13.2584
2022-11-04,396621,5740834,14.55,14.65,14.35,14.5,-0.15,258,0.9050105479084838,13.1679,13.1227,12.9869,13.2584
2022-11-07,445099,6561114,14.65,14.85,14.5,14.75,0.25,254,0.9050105479084838,13.2584,13.3489,13.1227,13.4394
2022-11-08,747152,11292325,14.85,15.3,14.85,14.9,0.15,441,0.9050105479084838,13.4394,13.4847,13.4394,13.8467
2022-11-09,385484,5749901,15.0,15.15,14.8,14.8,-0.1,287,0.9050105479084838,13.5752,13.3942,13.3942,13.7109
2022-11-10,362260,5294244,14.8,14.8,14.5,14.6,-0.2,228,0.9050105479084838,13.3942,13.2132,13.1227,13.3942
2022-11-11,705505,10384708,14.8,15.2,14.45,14.55,-0.05,371,0.9050105479084838,13.3942,13.1679,13.0774,13.7562
2022-11-14,1067733,16105057,14.65,15.3,14.65,15.25,0.7,586,0.9050105479084838,13.2584,13.8014,13.2584,13.8467
2022-11-15,4532447,74671397,15.6,16.75,15.6,16.75,1.5,1865,0.9050105479084838,14.1182,15.1589,14.1182,15.1589
2022-11-16,11883358,211564536,17.6,18.4,17.25,18.35,1.6,5242,0.9050105479084838,15.9282,16.6069,15.6114,16.6522
2022-11-17,5049386,91580723,18.0,18.55,17.8,18.2,-0.15,2325,0.9050105479084838,16.2902,16.4712,16.1092,16.7879
2022-11-18,2297552,41268940,18.15,18.3,17.75,17.85,-0.35,1003,0.9050105479084838,16.4259,16.1544,16.0639,16.5617
2022-11-21,1095184,19470657,17.95,18.2,17.55,17.55,-0.3,612,0.9050105479084838,16.2449,15.8829,15.8829,16.4712
2022-11-22,938566,16331516,17.5,17.6,17.25,17.45,-0.1,539,0.9050105479084838,15.8377,15.7924,15.6114,15.9282
2022-11-23,1109477,19567710,17.65,18.0,17.35,18.0,0.55,602,0.9050105479084838,15.9734,16.2902,15.7019,16.2902
2022-11-24,808840,14349827,17.95,17.95,17.6,17.65,-0.35,464,0.9050105479084838,16.2449,15.9734,15.9282,16.2449
2022-11-25,1202095,21368714,17.65,18.15,17.6,17.6,-0.05,606,0.9050105479084838,15.9734,15.9282,15.9282,16.4259
2022-11-28,826600,14687962,17.65,18.1,17.4,17.85,0.25,455,0.9050105479084838,15.9734,16.1544,15.7472,16.3807
2022-11-29,1838029,33482096,17.95,18.5,17.6,18.5,0.65,991,0.9050105479084838,16.2449,16.7427,15.9282,16.7427
2022-11-30,5435159,108680815,18.95,20.35,18.85,20.35,1.85,1716,0.9050105479084838,17.1499,18.417,17.0594,18.417
2022-12-01,13163686,268737075,21.05,21.15,19.85,19.9,-0.45,5699,0.9050105479084838,19.0505,18.0097,17.9645,19.141
2022-12-02,4475463,86501406,19.6,20.1,19.05,19.1,-0.8,2402,0.9050105479084838,17.7382,17.2857,17.2405,18.1907
2022-12-05,1766581,33418742,19.1,19.2,18.75,18.8,-0.3,998,0.9050105479084838,17.2857,17.0142,16.9689,17.3762
2022-12-06,4533504,82698785,18.5,18.7,17.8,17.85,-0.95,1928,0.9050105479084838,16.7427,16.1544,16.1092,16.9237
2022-12-07,2381312,42355364,17.95,18.2,17.35,17.6,-0.25,1073,0.9050105479084838,16.2449,15.9282,15.7019,16.4712
2022-12-08,1190662,21201516,17.75,18.05,17.6,17.75,0.15,646,0.9050105479084838,16.0639,16.0639,15.9282,16.3354
2022-12-09,833323,14874666,17.95,18.05,17.65,17.75,0.0,458,0.9050105479084838,16.2449,16.0639,15.9734,16.3354
2022-12-12,733019,13124384,17.7,18.15,17.55,18.0,0.25,414,0.9050105479084838,16.0187,16.2902,15.8829,16.4259
2022-12-13,1518179,26709320,18.1,18.15,17.3,17.3,-0.7,852,0.9050105479084838,16.3807,15.6567,15.6567,16.4259
2022-12-14,698476,12164467,17.45,17.65,17.25,17.3,0.0,334,0.9050105479084838,15.7924,15.6567,15.6114,15.9734
2022-12-15,1294113,22982536,17.5,18.05,17.4,17.9,0.6,597,0.9050105479084838,15.8377,16.1997,15.7472,16.3354
2022-12-16,1332253,23098851,17.65,17.65,17.15,17.15,-0.75,682,0.9050105479084838,15.9734,15.5209,15.5209,15.9734
2022-12-19,601395,10255520,17.1,17.2,16.8,17.0,-0.15,352,0.9050105479084838,15.4757,15.3852,15.2042,15.5662
2022-12-20,743336,12450681,17.0,17.15,16.5,16.6,-0.4,488,0.9050105479084838,15.3852,15.0232,14.9327,15.5209
2022-12-21,561305,9564410,16.7,17.25,16.7,17.15,0.55,322,0.9050105479084838,15.1137,15.5209,15.1137,15.6114
2022-12-22,7589021,139520858,17.5,18.85,17.5,17.65,0.5,3274,0.9050105479084838,15.8377,15.9734,15.8377,17.0594
2022-12-23,1442855,25560304,17.6,18.1,17.5,17.6,-0.05,813,0.9050105479084838,15.9282,15.9282,15.8377,16.3807
2022-12-26,478311,8394160,17.8,17.8,17.45,17.5,-0.1,275,0.9050105479084838,16.1092,15.8377,15.7924,16.1092
2022-12-27,2302633,41504935,17.75,18.45,17.5,17.5,0.0,1224,0.9050105479084838,16.0639,15.8377,15.8377,16.6974
2022-12-28,1485935,26548889,17.7,18.2,17.5,17.8,0.3,829,0.9050105479084838,16.0187,16.1092,15.8377,16.4712
2022-12-29,2890339,52604204,18.0,18.5,17.7,18.45,0.65,1605,0.9050105479084838,16.2902,16.6974,16.0187,16.7427
2022-12-30,2037592,37202042,18.55,18.55,18.0,18.2,-0.25,997,0.9050105479084838,16.7879,16.4712,16.2902,16.7879
2023-01-03,726514,13053685,18.15,18.3,17.7,18.1,-0.1,379,0.9050105479084838,16.4259,16.3807,16.0187,16.5617
2023-01-04,595217,10815925,18.15,18.5,18.0,18.1,0.0,353,0.9050105479084838,16.4259,16.3807,16.2902,16.7427
2023-01-05,739322,13527134,18.25,18.45,18.15,18.3,0.2,403,0.9050105479084838,16.5164,16.5617,16.4259,16.6974
2023-01-06,476402,8708940,18.25,18.4,18.15,18.3,0.0,285,0.9050105479084838,16.5164,16.5617,16.4259,16.6522
2023-01-09,464944,8525127,18.5,18.6,18.25,18.25,-0.05,265,0.9050105479084838,16.7427,16.5164,16.5164,16.8332
2023-01-10,360192,6542472,18.4,18.4,18.0,18.2,-0.05,244,0.9050105479084838,16.6522,16.4712,16.2902,16.6522
2023-01-11,615199,11274907,18.4,18.5,18.15,18.2,0.0,341,0.9050105479084838,16.6522,16.4712,16.4259,16.7427
2023-01-12,710262,12724501,18.2,18.35,17.7,17.9,-0.3,507,0.9050105479084838,16.4712,16.1997,16.0187,16.6069
2023-01-13,564009,10119203,17.95,18.15,17.8,17.8,-0.1,289,0.9050105479084838,16.2449,16.1092,16.1092,16.4259
2023-01-16,398962,7098625,17.8,18.0,17.6,17.9,0.1,235,0.9050105479084838,16.1092,16.1997,15.9282,16.2902
2023-01-17,237684,4233156,17.9,17.9,17.7,17.8,-0.1,152,0.9050105479084838,16.1997,16.1092,16.0187,16.1997
2023-01-30,626764,11164389,17.9,18.05,17.7,17.7,-0.1,307,0.9050105479084838,16.1997,16.0187,16.0187,16.3354
2023-01-31,780694,13754050,17.75,17.85,17.5,17.65,-0.05,445,0.9050105479084838,16.0639,15.9734,15.8377,16.1544
2023-02-01,3802272,70811368,17.85,19.05,17.7,18.9,1.25,2074,0.9050105479084838,16.1544,17.1047,16.0187,17.2405
2023-02-02,2583754,48661038,19.0,19.05,18.5,18.95,0.05,1235,0.9050105479084838,17.1952,17.1499,16.7427,17.2405
2023-02-03,1607669,30455325,18.95,19.3,18.6,18.8,-0.15,848,0.9050105479084838,17.1499,17.0142,16.8332,17.4667
2023-02-06,1047354,19918220,18.65,19.2,18.6,18.95,0.15,562,0.9050105479084838,16.8784,17.1499,16.8332,17.3762
2023-02-07,1112253,21056713,19.0,19.25,18.7,18.8,-0.15,617,0.9050105479084838,17.1952,17.0142,16.9237,17.4215
2023-02-08,726971,13574527,18.85,18.95,18.6,18.6,-0.2,437,0.9050105479084838,17.0594,16.8332,16.8332,17.1499
2023-02-09,394080,7319364,18.6,18.7,18.5,18.5,-0.1,260,0.9050105479084838,16.8332,16.7427,16.7427,16.9237
2023-02-10,807894,14850191,18.55,18.65,18.25,18.35,-0.15,390,0.9050105479084838,16.7879,16.6069,16.5164,16.8784
2023-02-13,1182475,21087938,18.2,18.2,17.7,17.85,-0.5,604,0.9050105479084838,16.4712,16.1544,16.0187,16.4712
2023-02-14,834534,15316495,17.95,18.6,17.85,18.45,0.6,454,0.9050105479084838,16.2449,16.6974,16.1544,16.8332
2023-02-15,563535,10426819,18.45,18.75,18.3,18.4,-0.05,366,0.9050105479084838,16.6974,16.6522,16.5617,16.9689
2023-02-16,1072912,20153266,18.6,19.05,18.5,18.65,0.25,538,0.9050105479084838,16.8332,16.8784,16.7427,17.2405
2023-02-17,521978,9645860,18.6,18.7,18.3,18.6,-0.05,344,0.9050105479084838,16.8332,16.8332,16.5617,16.9237
2023-02-20,8882165,176200748,18.95,20.4,18.95,20.1,1.5,4208,0.9050105479084838,17.1499,18.1907,17.1499,18.4622
2023-02-21,7491170,143221199,20.0,20.0,18.65,18.85,-1.25,4092,0.9050105479084838,18.1002,17.0594,16.8784,18.1002
2023-02-22,3015878,55655002,18.55,18.65,18.25,18.6,-0.25,1415,0.9050105479084838,16.7879,16.8332,16.5164,16.8784
2023-02-23,3919032,74502411,18.7,19.3,18.6,18.8,0.2,1766,0.9050105479084838,16.9237,17.0142,16.8332,17.4667
2023-02-24,2850670,53874214,19.1,19.4,18.5,18.5,-0.3,1502,0.9050105479084838,17.2857,16.7427,16.7427,17.5572
2023-03-01,725228,13392575,18.55,18.6,18.35,18.45,-0.05,420,0.9050105479084838,16.7879,16.6974,16.6069,16.8332
2023-03-02,1311596,24668487,18.65,19.05,18.5,18.7,0.25,661,0.9050105479084838,16.8784,16.9237,16.7427,17.2405
2023-03-03,723175,13541794,18.8,18.85,18.6,18.65,-0.05,385,0.9050105479084838,17.0142,16.8784,16.8332,17.0594
2023-03-06,797431,14948696,18.75,18.9,18.55,18.7,0.05,411,0.9050105479084838,16.9689,16.9237,16.7879,17.1047
2023-03-07,880917,16628741,18.75,18.95,18.7,18.9,0.2,448,0.9050105479084838,16.9689,17.1047,16.9237,17.1499
2023-03-08,989452,18451091,18.9,18.9,18.45,18.6,-0.3,575,0.9050105479084838,17.1047,16.8332,16.6974,17.1047
2023-03-09,1265398,23390938,18.7,18.9,18.3,18.35,-0.25,661,0.9050105479084838,16.9237,16.6069,16.5617,17.1047
2023-03-10,1622168,29140429,18.35,18.35,17.75,17.75,-0.6,861,0.9050105479084838,16.6069,16.0639,16.0639,16.6069
2023-03-13,1001385,17530983,17.7,17.9,17.2,17.7,-0.05,521,0.9050105479084838,16.0187,16.0187,15.5662,16.1997
2023-03-14,495203,8663032,17.7,17.7,17.4,17.5,-0.2,340,0.9050105479084838,16.0187,15.8377,15.7472,16.0187
2023-03-15,1366110,23655037,17.65,17.75,17.1,17.1,-0.4,724,0.9050105479084838,15.9734,15.4757,15.4757,16.0639
2023-03-16,959341,16229565,17.1,17.15,16.75,16.8,-0.3,534,0.9050105479084838,15.4757,15.2042,15.1589,15.5209
2023-03-17,1226996,21094394,16.8,17.8,16.8,17.2,0.4,653,0.9050105479084838,15.2042,15.5662,15.2042,16.1092
2023-03-20,343333,5870709,17.2,17.25,16.95,17.25,0.05,192,0.9050105479084838,15.5662,15.6114,15.3399,15.6114
2023-03-21,589627,10202688,17.3,17.4,17.15,17.3,0.05,330,0.9050105479084838,15.6567,15.6567,15.5209,15.7472
2023-03-22,452284,7906087,17.4,17.55,17.4,17.55,0.25,263,0.9050105479084838,15.7472,15.8829,15.7472,15.8829
2023-03-23,398767,6924044,17.5,17.5,17.3,17.4,-0.15,365,0.9050105479084838,15.8377,15.7472,15.6567,15.8377
2023-03-24,602997,10508620,17.4,17.55,17.3,17.4,0.0,232,0.9050105479084838,15.7472,15.7472,15.6567,15.8829
2023-03-27,584523,10188078,17.4,17.55,17.35,17.35,-0.05,252,0.9050105479084838,15.7472,15.7019,15.7019,15.8829
2023-03-28,402246,6984523,17.65,17.65,17.25,17.3,-0.05,208,0.9050105479084838,15.9734,15.6567,15.6114,15.9734
2023-03-29,345333,5981175,17.4,17.4,17.2,17.4,0.1,175,0.9050105479084838,15.7472,15.7472,15.5662,15.7472
2023-03-30,428731,7498262,17.5,17.65,17.35,17.35,-0.05,236,0.9050105479084838,15.8377,15.7019,15.7019,15.9734
2023-03-31,301469,5237764,17.55,17.55,17.3,17.35,0.0,191,0.9050105479084838,15.8829,15.7019,15.6567,15.8829
2023-04-06,431623,7537473,17.35,17.7,17.15,17.4,0.05,299,0.9050105479084838,15.7019,15.7472,15.5209,16.0187
2023-04-07,313506,5432753,17.6,17.6,17.3,17.3,-0.1,193,0.9050105479084838,15.9282,15.6567,15.6567,15.9282
2023-04-10,260747,4524024,17.2,17.5,17.2,17.35,0.05,185,0.9050105479084838,15.5662,15.7019,15.5662,15.8377
2023-04-11,250665,4387986,17.35,17.6,17.3,17.55,0.2,155,0.9050105479084838,15.7019,15.8829,15.6567,15.9282
2023-04-12,431696,7515396,17.6,17.6,17.3,17.45,-0.1,229,0.9050105479084838,15.9282,15.7924,15.6567,15.9282
2023-04-13,466845,8173738,17.4,17.6,17.35,17.4,-0.05,233,0.9050105479084838,15.7472,15.7472,15.7019,15.9282
2023-04-14,428367,7525528,17.5,17.65,17.45,17.55,0.15,284,0.9050105479084838,15.8377,15.8829,15.7924,15.9734
2023-04-17,1348208,24118554,17.65,18.1,17.6,17.95,0.4,701,0.9050105479084838,15.9734,16.2449,15.9282,16.3807
2023-04-18,1376814,24607512,18.25,18.3,17.55,17.6,-0.35,884,0.9050105479084838,16.5164,15.9282,15.8829,16.5617
2023-04-19,983898,17585833,17.6,18.05,17.6,17.8,0.2,496,0.9050105479084838,15.9282,16.1092,15.9282,16.3354
2023-04-20,877149,15352549,18.0,18.0,17.3,17.35,-0.45,466,0.9050105479084838,16.2902,15.7019,15.6567,16.2902
2023-04-21,918601,15710296,17.35,17.45,16.95,17.05,-0.3,471,0.9050105479084838,15.7019,15.4304,15.3399,15.7924
2023-04-24,401066,6879922,17.1,17.3,17.05,17.1,0.05,228,0.9050105479084838,15.4757,15.4757,15.4304,15.6567
2023-04-25,778401,13151441,17.25,17.25,16.75,16.75,-0.35,404,0.9050105479084838,15.6114,15.1589,15.1589,15.6114
2023-04-26,504892,8580842,16.8,17.15,16.8,17.1,0.35,284,0.9050105479084838,15.2042,15.4757,15.2042,15.5209
2023-04-27,207009,3553389,17.1,17.3,17.05,17.2,0.1,157,0.9050105479084838,15.4757,15.5662,15.4304,15.6567
2023-04-28,328726,5646162,17.25,17.3,17.05,17.2,0.0,215,0.9050105479084838,15.6114,15.5662,15.4304,15.6567
2023-05-02,314827,5382275,17.2,17.2,17.05,17.05,-0.15,230,0.9050105479084838,15.5662,15.4304,15.4304,15.5662
2023-05-03,407590,6955868,17.1,17.2,16.95,17.05,0.0,217,0.9050105479084838,15.4757,15.4304,15.3399,15.5662
2023-05-04,330682,5671633,17.1,17.25,17.0,17.2,0.15,166,0.9050105479084838,15.4757,15.5662,15.3852,15.6114
2023-05-05,291753,5018007,17.2,17.25,17.15,17.25,0.05,130,0.9050105479084838,15.5662,15.6114,15.5209,15.6114
2023-05-08,383436,6603737,17.25,17.3,17.1,17.2,-0.05,147,0.9050105479084838,15.6114,15.5662,15.4757,15.6567
2023-05-09,695920,11903643,17.2,17.35,16.95,16.95,-0.25,307,0.9050105479084838,15.5662,15.3399,15.3399,15.7019
2023-05-10,486003,8191363,16.95,16.95,16.75,16.9,-0.05,247,0.9050105479084838,15.3399,15.2947,15.1589,15.3399
2023-05-11,883447,14643692,16.9,16.95,16.4,16.55,-0.35,439,0.9050105479084838,15.2947,14.9779,14.8422,15.3399
2023-05-12,528817,8642518,16.4,16.65,16.2,16.55,0.0,329,0.9050105479084838,14.8422,14.9779,14.6612,15.0684
2023-05-15,764923,12376447,16.4,16.5,16.05,16.15,-0.4,420,0.9050105479084838,14.8422,14.6159,14.5254,14.9327
2023-05-16,482182,7898060,16.25,16.5,16.25,16.3,0.15,327,0.9050105479084838,14.7064,14.7517,14.7064,14.9327
2023-05-17,535666,8895767,16.3,16.9,16.3,16.75,0.45,317,0.9050105479084838,14.7517,15.1589,14.7517,15.2947
2023-05-18,704103,11715773,16.8,16.95,16.45,16.7,-0.05,287,0.9050105479084838,15.2042,15.1137,14.8874,15.3399
2023-05-19,293502,4896433,16.55,16.8,16.55,16.6,-0.1,203,0.9050105479084838,14.9779,15.0232,14.9779,15.2042
2023-05-22,205964,3427341,16.55,16.8,16.5,16.7,0.1,127,0.9050105479084838,14.9779,15.1137,14.9327,15.2042
2023-05-23,1888952,30978151,16.35,16.9,15.8,16.8,0.1,653,0.9050105479084838,14.7969,15.2042,14.2992,15.2947
2023-05-24,1335569,22875608,16.85,17.35,16.8,17.2,0.4,628,0.9050105479084838,15.2494,15.5662,15.2042,15.7019
2023-05-25,895517,15205187,17.3,17.3,16.85,16.85,-0.35,457,0.9050105479084838,15.6567,15.2494,15.2494,15.6567
2023-05-26,769802,12715502,16.85,16.85,16.4,16.45,-0.4,385,0.9050105479084838,15.2494,14.8874,14.8422,15.2494
2023-05-29,348511,5776897,16.55,16.75,16.45,16.55,0.1,187,0.9050105479084838,14.9779,14.9779,14.8874,15.1589
2023-05-30,297747,4964411,16.75,16.85,16.55,16.6,0.05,175,0.9050105479084838,15.1589,15.0232,14.9779,15.2494
2023-05-31,250603,4171185,16.6,16.75,16.55,16.55,-0.05,162,0.9050105479084838,15.0232,14.9779,14.9779,15.1589
2023-06-01,476314,7990444,16.65,16.9,16.55,16.9,0.35,228,0.9050105479084838,15.0684,15.2947,14.9779,15.2947
2023-06-02,640021,10892759,16.9,17.2,16.85,17.0,0.1,281,0.9050105479084838,15.2947,15.3852,15.2494,15.5662
2023-06-05,437109,7472032,17.0,17.2,17.0,17.1,0.1,236,0.9050105479084838,15.3852,15.4757,15.3852,15.5662
2023-06-06,3102759,55191920,17.2,18.3,17.2,17.9,0.8,1565,0.9050105479084838,15.5662,16.1997,15.5662,16.5617
2023-06-07,2620025,47648565,18.3,18.45,18.0,18.15,0.25,1326,0.9050105479084838,16.5617,16.4259,16.2902,16.6974
2023-06-08,1072837,19248919,18.05,18.15,17.7,17.9,-0.25,658,0.9050105479084838,16.3354,16.1997,16.0187,16.4259
2023-06-09,635603,11263061,18.0,18.0,17.65,17.7,-0.2,395,0.9050105479084838,16.2902,16.0187,15.9734,16.2902
2023-06-12,682951,11875685,17.9,17.9,17.25,17.3,-0.4,384,0.9050105479084838,16.1997,15.6567,15.6114,16.1997
2023-06-13,504783,8690042,17.4,17.4,17.1,17.2,-0.1,311,0.9050105479084838,15.7472,15.5662,15.4757,15.7472
2023-06-14,560973,9777601,17.25,17.6,17.25,17.3,0.1,325,0.9050105479084838,15.6114,15.6567,15.6114,15.9282
2023-06-15,428068,7377020,17.35,17.35,17.15,17.25,-0.05,228,0.9050105479084838,15.7019,15.6114,15.5209,15.7019
2023-06-16,549816,9575536,17.35,17.7,17.25,17.25,0.0,338,0.9050105479084838,15.7019,15.6114,15.6114,16.0187
2023-06-19,632874,10973361,17.4,17.5,17.2,17.45,0.2,281,0.9050105479084838,15.7472,15.7924,15.5662,15.8377
2023-06-20,602531,10552107,17.4,17.7,17.25,17.45,0.0,253,0.9050105479084838,15.7472,15.7924,15.6114,16.0187
2023-06-21,481597,8425069,17.5,17.6,17.35,17.5,0.05,245,0.9050105479084838,15.8377,15.8377,15.7019,15.9282
2023-06-26,435458,7610945,17.45,17.6,17.3,17.55,0.05,243,0.9050105479084838,15.7924,15.8829,15.6567,15.9282
2023-06-27,1682389,29855011,17.7,18.15,17.45,17.8,0.25,639,0.9050105479084838,16.0187,16.1092,15.7924,16.4259
2023-06-28,15449125,298406163,18.45,19.55,18.2,19.55,1.75,5339,0.9050105479084838,16.6974,17.693,16.4712,17.693
2023-06-29,7411588,140901172,19.25,19.3,18.65,19.0,-0.55,3539,0.9050105479084838,17.4215,17.1952,16.8784,17.4667
2023-06-30,2418778,45288041,19.2,19.2,18.5,18.7,-0.3,1391,0.9050105479084838,17.3762,16.9237,16.7427,17.3762
2023-07-03,1522813,28416576,18.7,18.85,18.5,18.6,-0.1,720,0.9050105479084838,16.9237,16.8332,16.7427,17.0594
2023-07-04,1880956,35117820,18.7,18.95,18.45,18.85,0.25,797,0.9050105479084838,16.9237,17.0594,16.6974,17.1499
2023-07-05,1472810,27591514,18.8,19.05,18.55,18.55,-0.3,654,0.9050105479084838,17.0142,16.7879,16.7879,17.2405
2023-07-06,1481232,27267259,18.55,18.65,18.25,18.5,-0.05,537,0.9050105479084838,16.7879,16.7427,16.5164,16.8784
2023-07-07,927810,17235393,18.45,18.85,18.25,18.5,0.0,529,0.9050105479084838,16.6974,16.7427,16.5164,17.0594
2023-07-10,974728,18020287,18.45,18.75,18.25,18.6,0.1,424,0.9050105479084838,16.6974,16.8332,16.5164,16.9689
2023-07-11,1101497,20645071,18.85,19.0,18.5,18.55,-0.05,524,0.9050105479084838,17.0594,16.7879,16.7427,17.1952
2023-07-12,2770194,52214729,18.7,19.25,18.5,18.65,0.1,966,0.9050105479084838,16.9237,16.8784,16.7427,17.4215
2023-07-13,1441491,26668503,18.75,18.8,18.2,18.2,-0.45,579,0.9050105479084838,16.9689,16.4712,16.4712,17.0142
2023-07-14,1201983,22111099,18.55,18.65,18.2,18.35,0.15,460,0.9050105479084838,16.7879,16.6069,16.4712,16.8784
2023-07-17,1458986,27347697,18.35,18.9,18.35,18.7,0.35,637,0.9050105479084838,16.6069,16.9237,16.6069,17.1047
2023-07-18,1777517,32502247,18.45,18.5,18.1,18.2,0.0,497,0.9350108975629087,17.251,17.0172,16.9237,17.2977
2023-07-19,1590788,28624714,18.3,18.4,17.55,17.55,-0.65,595,0.9350108975629087,17.1107,16.4094,16.4094,17.2042
2023-07-20,1447806,26486204,17.6,18.6,17.6,18.35,0.8,683,0.9350108975629087,16.4562,17.1574,16.4562,17.3912
2023-07-21,738600,13321537,18.35,18.35,17.9,17.95,-0.4,452,0.9350108975629087,17.1574,16.7834,16.7367,17.1574
2023-07-24,1262769,22993823,18.2,18.6,17.7,18.45,0.5,529,0.9350108975629087,17.0172,17.251,16.5497,17.3912
2023-07-25,956924,17589874,18.6,18.6,18.2,18.55,0.1,362,0.9350108975629087,17.3912,17.3445,17.0172,17.3912
2023-07-26,577431,10710352,18.4,18.75,18.35,18.4,-0.15,285,0.9350108975629087,17.2042,17.2042,17.1574,17.5315
2023-07-27,768266,14306682,18.6,18.8,18.45,18.5,0.1,383,0.9350108975629087,17.3912,17.2977,17.251,17.5782
2023-07-28,511918,9329858,18.5,18.5,18.15,18.15,-0.35,268,0.9350108975629087,17.2977,16.9704,16.9704,17.2977
2023-07-31,1294694,23885499,18.25,18.7,18.15,18.3,0.15,447,0.9350108975629087,17.0639,17.1107,16.9704,17.4847
2023-08-01,1314451,24194599,18.5,18.7,18.15,18.3,0.0,429,0.9350108975629087,17.2977,17.1107,16.9704,17.4847
2023-08-02,896124,16266420,18.5,18.5,17.85,17.85,-0.45,453,0.9350108975629087,17.2977,16.6899,16.6899,17.2977
2023-08-04,1104265,20327646,17.85,18.6,17.75,18.6,0.75,531,0.9350108975629087,16.6899,17.3912,16.5964,17.3912
2023-08-07,504053,9322984,18.3,18.6,18.3,18.6,0.0,248,0.9350108975629087,17.1107,17.3912,17.1107,17.3912
2023-08-08,1210513,22558117,18.6,18.7,18.45,18.65,0.05,433,0.9350108975629087,17.3912,17.438,17.251,17.4847
2023-08-09,1346721,24824870,18.65,18.8,18.15,18.15,-0.5,645,0.9350108975629087,17.438,16.9704,16.9704,17.5782
2023-08-10,540223,9746659,18.2,18.2,17.95,18.0,-0.15,396,0.9350108975629087,17.0172,16.8302,16.7834,17.0172
2023-08-11,316559,5694965,18.0,18.1,17.95,18.0,0.0,174,0.9350108975629087,16.8302,16.8302,16.7834,16.9237
2023-08-14,2277415,40303505,18.0,18.15,17.2,17.9,-0.1,891,0.9350108975629087,16.8302,16.7367,16.0822,16.9704
2023-08-15,979196,17951542,18.15,18.55,18.05,18.3,0.4,411,0.9350108975629087,16.9704,17.1107,16.8769,17.3445
2023-08-16,792460,14424038,18.3,18.45,17.9,18.1,-0.2,333,0.9350108975629087,17.1107,16.9237,16.7367,17.251
2023-08-17,799075,14639586,18.25,18.5,17.9,18.35,0.25,335,0.9350108975629087,17.0639,17.1574,16.7367,17.2977
2023-08-18,1528139,28155791,18.4,18.6,18.05,18.1,-0.25,607,0.9350108975629087,17.2042,16.9237,16.8769,17.3912
2023-08-21,729551,13154307,18.1,18.35,17.85,17.9,-0.2,337,0.9350108975629087,16.9237,16.7367,16.6899,17.1574
2023-08-22,1317202,23280442,18.0,18.0,17.5,17.55,-0.35,526,0.9350108975629087,16.8302,16.4094,16.3627,16.8302
2023-08-23,486684,8527728,17.55,17.7,17.4,17.6,0.05,236,0.9350108975629087,16.4094,16.4562,16.2692,16.5497
2023-08-24,483991,8497244,17.65,17.8,17.45,17.5,-0.1,194,0.9350108975629087,16.5029,16.3627,16.3159,16.6432
2023-08-25,372632,6520877,17.55,17.75,17.35,17.5,0.0,188,0.9350108975629087,16.4094,16.3627,16.2224,16.5964
2023-08-28,1871916,33510719,17.5,18.4,17.3,17.8,0.3,487,0.9350108975629087,16.3627,16.6432,16.1757,17.2042
2023-08-29,1470557,25793363,17.65,17.85,17.3,17.55,-0.25,574,0.9350108975629087,16.5029,16.4094,16.1757,16.6899
2023-08-30,1014510,18289884,17.75,18.3,17.65,17.8,0.25,493,0.9350108975629087,16.5964,16.6432,16.5029,17.1107
2023-08-31,739122,13024653,17.75,18.05,17.5,17.55,-0.25,387,0.9350108975629087,16.5964,16.4094,16.3627,16.8769
2023-09-01,2596471,47205164,17.55,18.45,17.55,18.1,0.55,918,0.9350108975629087,16.4094,16.9237,16.4094,17.251
2023-09-04,1452138,26467036,18.25,18.45,18.05,18.2,0.1,515,0.9350108975629087,17.0639,17.0172,16.8769,17.251
2023-09-05,9483421,181160562,18.35,19.8,18.25,19.3,1.1,3313,0.9350108975629087,17.1574,18.0457,17.0639,18.5132
2023-09-06,4194127,78163000,19.5,19.5,18.4,18.4,-0.9,1989,0.9350108975629087,18.2327,17.2042,17.2042,18.2327
2023-09-07,2031288,36698558,18.4,18.45,17.85,17.85,-0.55,969,0.9350108975629087,17.2042,16.6899,16.6899,17.251
2023-09-08,1425847,25579738,17.9,18.3,17.75,17.8,-0.05,602,0.9350108975629087,16.7367,16.6432,16.5964,17.1107
2023-09-11,3456200,62005024,17.8,18.35,17.6,17.75,-0.05,967,0.9350108975629087,16.6432,16.5964,16.4562,17.1574
2023-09-12,453957,8067768,17.7,17.85,17.7,17.85,0.1,238,0.9350108975629087,16.5497,16.6899,16.5497,16.6899
2023-09-13,472743,8398232,17.85,17.9,17.65,17.75,-0.1,215,0.9350108975629087,16.6899,16.5964,16.5029,16.7367
2023-09-14,881265,15825458,17.7,18.15,17.7,18.0,0.25,320,0.9350108975629087,16.5497,16.8302,16.5497,16.9704
2023-09-15,634187,11443758,18.0,18.2,17.85,18.1,0.1,373,0.9350108975629087,16.8302,16.9237,16.6899,17.0172
2023-09-18,269157,4855136,18.0,18.15,18.0,18.0,-0.1,166,0.9350108975629087,16.8302,16.8302,16.8302,16.9704
2023-09-19,304126,5482946,18.1,18.15,17.95,18.0,0.0,169,0.9350108975629087,16.9237,16.8302,16.7834,16.9704
2023-09-20,1285396,22833710,18.0,18.05,17.6,17.7,-0.3,420,0.9350108975629087,16.8302,16.5497,16.4562,16.8769
2023-09-21,1964037,34031017,17.65,17.65,17.05,17.05,-0.65,903,0.9350108975629087,16.5029,15.9419,15.9419,16.5029
2023-09-22,1825054,30694375,17.2,17.2,16.65,16.75,-0.3,853,0.9350108975629087,16.0822,15.6614,15.5679,16.0822
2023-09-25,515879,8712914,16.8,17.05,16.75,16.95,0.2,244,0.9350108975629087,15.7082,15.8484,15.6614,15.9419
2023-09-26,624405,10482366,17.0,17.0,16.65,16.9,-0.05,364,0.9350108975629087,15.8952,15.8017,15.5679,15.8952
2023-09-27,712254,11963508,16.75,17.05,16.5,16.7,-0.2,273,0.9350108975629087,15.6614,15.6147,15.4277,15.9419
2023-09-28,673825,11345109,16.8,17.05,16.65,16.95,0.25,274,0.9350108975629087,15.7082,15.8484,15.5679,15.9419
2023-10-02,675812,11494021,16.85,17.25,16.8,17.15,0.2,288,0.9350108975629087,15.7549,16.0354,15.7082,16.1289
2023-10-03,454394,7775902,17.2,17.25,17.0,17.05,-0.1,232,0.9350108975629087,16.0822,15.9419,15.8952,16.1289
2023-10-04,160110,2704368,17.05,17.05,16.85,16.85,-0.2,119,0.9350108975629087,15.9419,15.7549,15.7549,15.9419
2023-10-05,192206,3257271,16.9,17.0,16.9,16.9,0.05,130,0.9350108975629087,15.8017,15.8017,15.8017,15.8952
2023-10-06,259628,4417428,16.95,17.15,16.95,17.1,0.2,129,0.9350108975629087,15.8484,15.9887,15.8484,16.0354
2023-10-11,426130,7183656,17.15,17.15,16.7,16.85,-0.25,223,0.9350108975629087,16.0354,15.7549,15.6147,16.0354
2023-10-12,220154,3754168,16.85,17.15,16.85,17.05,0.2,134,0.9350108975629087,15.7549,15.9419,15.7549,16.0354
2023-10-13,317637,5359154,16.95,16.95,16.8,16.85,-0.2,170,0.9350108975629087,15.8484,15.7549,15.7082,15.8484
2023-10-16,302310,5046926,16.75,16.8,16.65,16.65,-0.2,190,0.9350108975629087,15.6614,15.5679,15.5679,15.7082
2023-10-17,318318,5312060,16.7,16.75,16.6,16.65,0.0,174,0.9350108975629087,15.6147,15.5679,15.5212,15.6614
2023-10-18,908519,14804078,16.6,16.6,16.05,16.15,-0.5,503,0.9350108975629087,15.5212,15.1004,15.0069,15.5212
2023-10-19,361278,5845772,16.15,16.35,16.05,16.2,0.05,206,0.9350108975629087,15.1004,15.1472,15.0069,15.2874
2023-10-20,620308,9905548,16.35,16.35,15.85,16.0,-0.2,233,0.9350108975629087,15.2874,14.9602,14.8199,15.2874
2023-10-23,420819,6709969,15.6,16.25,15.6,15.95,-0.05,201,0.9350108975629087,14.5862,14.9134,14.5862,15.1939
2023-10-24,281382,4505706,15.95,16.15,15.8,16.05,0.1,149,0.9350108975629087,14.9134,15.0069,14.7732,15.1004
2023-10-25,210689,3437850,16.05,16.45,16.05,16.3,0.25,134,0.9350108975629087,15.0069,15.2407,15.0069,15.3809
2023-10-26,301041,4855155,16.15,16.3,15.9,16.25,-0.05,184,0.9350108975629087,15.1004,15.1939,14.8667,15.2407
2023-10-27,129543,2101148,16.25,16.3,16.1,16.3,0.05,92,0.9350108975629087,15.1939,15.2407,15.0537,15.2407
2023-10-30,103827,1680480,16.4,16.4,16.1,16.1,-0.2,78,0.9350108975629087,15.3342,15.0537,15.0537,15.3342
2023-10-31,148056,2367395,16.1,16.25,15.9,15.9,-0.2,108,0.9350108975629087,15.0537,14.8667,14.8667,15.1939
2023-11-01,208415,3372961,15.9,16.35,15.9,16.35,0.45,119,0.9350108975629087,14.8667,15.2874,14.8667,15.2874
2023-11-02,138322,2247232,16.35,16.35,16.1,16.3,-0.05,95,0.9350108975629087,15.2874,15.2407,15.0537,15.2874
2023-11-03,148523,2419329,16.3,16.4,16.2,16.3,0.0,106,0.9350108975629087,15.2407,15.2407,15.1472,15.3342
2023-11-06,178568,2946633,16.5,16.6,16.4,16.55,0.25,123,0.9350108975629087,15.4277,15.4744,15.3342,15.5212
2023-11-07,161022,2644324,16.5,16.55,16.35,16.4,-0.15,92,0.9350108975629087,15.4277,15.3342,15.2874,15.4744
2023-11-08,251079,4177083,16.55,16.75,16.45,16.65,0.25,157,0.9350108975629087,15.4744,15.5679,15.3809,15.6614
2023-11-09,151168,2500537,16.5,16.7,16.45,16.5,-0.15,116,0.9350108975629087,15.4277,15.4277,15.3809,15.6147
2023-11-10,289684,4869352,16.6,16.9,16.6,16.7,0.2,191,0.9350108975629087,15.5212,15.6147,15.5212,15.8017
2023-11-13,231999,3938132,17.1,17.1,16.85,17.05,0.35,161,0.9350108975629087,15.9887,15.9419,15.7549,15.9887
2023-11-14,219751,3724324,17.05,17.1,16.85,16.95,-0.1,126,0.9350108975629087,15.9419,15.8484,15.7549,15.9887
2023-11-15,1308853,22746748,16.9,17.7,16.9,17.45,0.5,681,0.9350108975629087,15.8017,16.3159,15.8017,16.5497
2023-11-16,335866,5877028,17.45,17.7,17.25,17.6,0.15,239,0.9350108975629087,16.3159,16.4562,16.1289,16.5497
2023-11-17,653497,11623411,17.65,17.95,17.6,17.9,0.3,369,0.9350108975629087,16.5029,16.7367,16.4562,16.7834
2023-11-20,345335,6127022,17.95,17.95,17.6,17.7,-0.2,239,0.9350108975629087,16.7834,16.5497,16.4562,16.7834
2023-11-21,210125,3730405,17.75,17.9,17.7,17.7,0.0,145,0.9350108975629087,16.5964,16.5497,16.5497,16.7367
2023-11-22,367417,6538163,17.7,17.95,17.7,17.85,0.15,211,0.9350108975629087,16.5497,16.6899,16.5497,16.7834
2023-11-23,476937,8520461,17.85,18.0,17.75,17.9,0.05,240,0.9350108975629087,16.6899,16.7367,16.5964,16.8302
2023-11-24,284932,5110327,18.05,18.05,17.85,17.95,0.05,156,0.9350108975629087,16.8769,16.7834,16.6899,16.8769
2023-11-27,330400,5896106,17.95,18.1,17.7,17.8,-0.15,239,0.9350108975629087,16.7834,16.6432,16.5497,16.9237
2023-11-28,482967,8677408,18.0,18.1,17.85,17.85,0.05,250,0.9350108975629087,16.8302,16.6899,16.6899,16.9237
2023-11-29,256972,4593306,17.9,17.95,17.8,17.85,0.0,186,0.9350108975629087,16.7367,16.6899,16.6432,16.7834
2023-11-30,418516,7424309,17.85,17.9,17.6,17.85,0.0,243,0.9350108975629087,16.6899,16.6899,16.4562,16.7367
2023-12-01,373471,6696720,17.85,18.05,17.85,17.85,0.0,195,0.9350108975629087,16.6899,16.6899,16.6899,16.8769
2023-12-04,533676,9612404,17.9,18.1,17.9,18.0,0.15,265,0.9350108975629087,16.7367,16.8302,16.7367,16.9237
2023-12-05,210845,3770008,17.95,17.95,17.8,17.85,-0.15,139,0.9350108975629087,16.7834,16.6899,16.6432,16.7834
2023-12-06,1247011,22568013,17.8,18.25,17.8,18.1,0.25,396,0.9350108975629087,16.6432,16.9237,16.6432,17.0639
2023-12-07,1824242,33377518,18.2,18.5,18.1,18.4,0.3,607,0.9350108975629087,17.0172,17.2042,16.9237,17.2977
2023-12-08,532611,9744991,18.45,18.5,18.15,18.2,-0.2,336,0.9350108975629087,17.251,17.0172,16.9704,17.2977
2023-12-11,440133,7969749,18.35,18.4,18.0,18.05,-0.15,286,0.9350108975629087,17.1574,16.8769,16.8302,17.2042
2023-12-12,510215,9281526,18.3,18.35,18.1,18.2,0.15,543,0.9350108975629087,17.1107,17.0172,16.9237,17.1574
2023-12-13,250328,4537263,18.2,18.2,18.05,18.15,-0.05,149,0.9350108975629087,17.0172,16.9704,16.8769,17.0172
2023-12-14,318053,5808786,18.35,18.4,18.2,18.25,0.1,177,0.9350108975629087,17.1574,17.0639,17.0172,17.2042
2023-12-15,525142,9632332,18.25,18.45,18.2,18.35,0.1,245,0.9350108975629087,17.0639,17.1574,17.0172,17.251
2023-12-18,467418,8612175,18.4,18.6,18.3,18.35,0.0,261,0.9350108975629087,17.2042,17.1574,17.1107,17.3912
2023-12-19,1355889,25125969,18.35,18.8,18.25,18.8,0.45,583,0.9350108975629087,17.1574,17.5782,17.0639,17.5782
2023-12-20,857873,15899382,18.8,18.9,18.2,18.5,-0.3,519,0.9350108975629087,17.5782,17.2977,17.0172,17.6717
2023-12-21,306094,5647277,18.35,18.55,18.25,18.5,0.0,184,0.9350108975629087,17.1574,17.2977,17.0639,17.3445
2023-12-22,590592,11012460,18.5,18.85,18.35,18.7,0.2,317,0.9350108975629087,17.2977,17.4847,17.1574,17.625
2023-12-25,636346,11803617,18.65,18.85,18.4,18.4,-0.3,264,0.9350108975629087,17.438,17.2042,17.2042,17.625
2023-12-26,545616,9999894,18.55,18.55,18.2,18.3,-0.1,286,0.9350108975629087,17.3445,17.1107,17.0172,17.3445
2023-12-27,720968,13067107,18.35,18.35,18.0,18.2,-0.1,262,0.9350108975629087,17.1574,17.0172,16.8302,17.1574
2023-12-28,383217,7024544,18.15,18.45,18.15,18.4,0.2,218,0.9350108975629087,16.9704,17.2042,16.9704,17.251
2023-12-29,527101,9727922,18.4,18.55,18.3,18.45,0.05,234,0.9350108975629087,17.2042,17.251,17.1107,17.3445
2024-01-02,272396,5059423,18.45,18.65,18.45,18.5,0.05,169,0.9350108975629087,17.251,17.2977,17.251,17.438
2024-01-03,502654,9347290,18.7,18.7,18.5,18.5,0.0,315,0.9350108975629087,17.4847,17.2977,17.2977,17.4847
2024-01-04,340819,6275957,18.5,18.55,18.35,18.5,0.0,203,0.9350108975629087,17.2977,17.2977,17.1574,17.3445
2024-01-05,551776,10227944,18.55,18.65,18.4,18.4,-0.1,243,0.9350108975629087,17.3445,17.2042,17.2042,17.438
2024-01-08,350860,6447078,18.5,18.5,18.3,18.4,0.0,166,0.9350108975629087,17.2977,17.2042,17.1107,17.2977
2024-01-09,418076,7721879,18.45,18.65,18.35,18.45,0.05,188,0.9350108975629087,17.251,17.251,17.1574,17.438
2024-01-10,716684,13123297,18.4,18.45,18.2,18.45,0.0,191,0.9350108975629087,17.2042,17.251,17.0172,17.251
2024-01-11,1113812,20845586,18.65,18.85,18.6,18.65,0.2,540,0.9350108975629087,17.438,17.438,17.3912,17.625
2024-01-12,352748,6537075,18.7,18.7,18.35,18.5,-0.15,305,0.9350108975629087,17.4847,17.2977,17.1574,17.4847
2024-01-15,325223,6031021,18.65,18.7,18.45,18.5,0.0,179,0.9350108975629087,17.438,17.2977,17.251,17.4847
2024-01-16,522118,9634464,18.45,18.65,18.35,18.45,-0.05,240,0.9350108975629087,17.251,17.251,17.1574,17.438
2024-01-17,440704,8149313,18.45,18.75,18.35,18.35,-0.1,224,0.9350108975629087,17.251,17.1574,17.1574,17.5315
2024-01-18,326696,5994769,18.45,18.55,18.25,18.4,0.05,123,0.9350108975629087,17.251,17.2042,17.0639,17.3445
2024-01-19,1375140,25662749,18.55,18.8,18.45,18.7,0.3,481,0.9350108975629087,17.3445,17.4847,17.251,17.5782
2024-01-22,7189880,140795795,19.05,19.9,19.0,19.6,0.9,3081,0.9350108975629087,17.812,18.3262,17.7652,18.6067
2024-01-23,2096675,40694312,19.8,19.8,19.05,19.4,-0.2,1116,0.9350108975629087,18.5132,18.1392,17.812,18.5132
2024-01-24,3969082,79300576,19.5,20.5,19.5,20.1,0.7,1857,0.9350108975629087,18.2327,18.7937,18.2327,19.1677
2024-01-25,1964299,39447336,20.35,20.4,19.8,19.95,-0.15,1051,0.9350108975629087,19.0275,18.6535,18.5132,19.0742
2024-01-26,1432776,28788519,19.9,20.3,19.8,20.0,0.05,758,0.9350108975629087,18.6067,18.7002,18.5132,18.9807
2024-01-29,3155133,63064809,20.25,20.45,19.3,20.05,0.05,1270,0.9350108975629087,18.934,18.747,18.0457,19.121
2024-01-30,13573986,259153608,19.75,20.2,19.6,19.6,-0.45,823,0.9350108975629087,18.4665,18.3262,18.3262,18.8872
2024-01-31,1358500,26249712,19.5,19.7,19.05,19.4,-0.2,830,0.9350108975629087,18.2327,18.1392,17.812,18.4197
2024-02-01,657498,12774045,19.45,19.6,19.25,19.35,-0.05,428,0.9350108975629087,18.186,18.0925,17.999,18.3262
2024-02-02,767979,14808447,19.5,19.5,19.15,19.15,-0.2,592,0.9350108975629087,18.2327,17.9055,17.9055,18.2327
2024-02-05,1061239,20433416,19.25,19.55,18.9,19.4,0.25,478,0.9350108975629087,17.999,18.1392,17.6717,18.2795
2024-02-15,1714998,34093698,19.55,20.15,19.3,20.0,0.6,775,0.9350108975629087,18.2795,18.7002,18.0457,18.8405
2024-02-16,5124304,107843281,19.7,21.85,19.7,21.1,1.1,2269,0.9350108975629087,18.4197,19.7287,18.4197,20.43
2024-02-19,2529014,53132012,21.1,21.4,20.55,21.05,-0.05,1142,0.9350108975629087,19.7287,19.682,19.2145,20.0092
2024-02-20,1347528,28045414,21.05,21.05,20.6,20.95,-0.1,596,0.9350108975629087,19.682,19.5885,19.2612,19.682
2024-02-21,1563231,32936621,20.9,21.3,20.8,20.9,-0.05,774,0.9350108975629087,19.5417,19.5417,19.4482,19.9157
2024-02-22,2443001,52064995,20.95,21.55,20.7,21.45,0.55,1089,0.9350108975629087,19.5885,20.056,19.3547,20.1495
2024-02-23,1465737,31294205,21.45,21.6,21.1,21.1,-0.35,735,0.9350108975629087,20.056,19.7287,19.7287,20.1962
2024-02-26,1343886,28618425,21.3,21.55,20.9,21.1,0.0,571,0.9350108975629087,19.9157,19.7287,19.5417,20.1495
2024-02-27,1485773,31359943,21.25,21.35,20.75,21.1,0.0,696,0.9350108975629087,19.869,19.7287,19.4015,19.9625
2024-02-29,990475,21172307,21.15,21.5,21.15,21.4,0.3,465,0.9350108975629087,19.7755,20.0092,19.7755,20.1027
2024-03-01,711681,15140881,21.5,21.5,21.15,21.15,-0.25,453,0.9350108975629087,20.1027,19.7755,19.7755,20.1027
2024-03-04,1584641,32912906,21.2,21.35,20.45,20.45,-0.7,945,0.9350108975629087,19.8222,19.121,19.121,19.9625
2024-03-05,1595985,32149464,20.5,20.6,20.0,20.1,-0.35,905,0.9350108975629087,19.1677,18.7937,18.7002,19.2612
2024-03-06,968188,19258904,20.4,20.4,19.7,19.8,-0.3,621,0.9350108975629087,19.0742,18.5132,18.4197,19.0742
2024-03-07,1607573,31277572,19.8,19.8,19.25,19.45,-0.35,782,0.9350108975629087,18.5132,18.186,17.999,18.5132
2024-03-08,1098453,21291751,19.45,19.55,19.25,19.4,-0.05,547,0.9350108975629087,18.186,18.1392,17.999,18.2795
2024-03-11,514186,10081297,19.4,19.75,19.4,19.7,0.3,403,0.9350108975629087,18.1392,18.4197,18.1392,18.4665
2024-03-12,1130566,22493485,19.55,20.1,19.5,19.9,0.2,548,0.9350108975629087,18.2795,18.6067,18.2327,18.7937
2024-03-13,495980,9807879,19.95,20.05,19.6,19.85,-0.05,308,0.9350108975629087,18.6535,18.56,18.3262,18.747
2024-03-14,496090,9848975,19.85,20.05,19.75,19.75,-0.1,341,0.9350108975629087,18.56,18.4665,18.4665,18.747
2024-03-15,782377,15215325,19.75,19.75,19.3,19.35,-0.4,427,0.9350108975629087,18.4665,18.0925,18.0457,18.4665
2024-03-18,610825,11818864,19.55,19.55,19.15,19.5,0.15,355,0.9350108975629087,18.2795,18.2327,17.9055,18.2795
2024-03-19,724320,14225157,19.4,19.8,19.4,19.5,0.0,350,0.9350108975629087,18.1392,18.2327,18.1392,18.5132
2024-03-20,885559,17272999,19.45,19.65,19.35,19.5,0.0,264,0.9350108975629087,18.186,18.2327,18.0925,18.373
2024-03-21,646809,12793190,19.55,19.95,19.55,19.8,0.3,282,0.9350108975629087,18.2795,18.5132,18.2795,18.6535
2024-03-22,662940,13066694,19.8,19.9,19.65,19.75,-0.05,310,0.9350108975629087,18.5132,18.4665,18.373,18.6067
2024-03-25,559821,11145237,19.65,20.1,19.65,19.75,0.0,312,0.9350108975629087,18.373,18.4665,18.373,18.7937
2024-03-26,753668,14881440,19.75,19.95,19.6,19.8,0.05,339,0.9350108975629087,18.4665,18.5132,18.3262,18.6535
2024-03-27,935822,18692320,19.8,20.15,19.8,19.85,0.05,382,0.9350108975629087,18.5132,18.56,18.5132,18.8405
2024-03-28,248623,4943955,19.85,20.0,19.8,19.8,-0.05,154,0.9350108975629087,18.56,18.5132,18.5132,18.7002
2024-03-29,202336,4000648,19.8,19.9,19.7,19.7,-0.1,168,0.9350108975629087,18.5132,18.4197,18.4197,18.6067
2024-04-01,667560,13122006,19.75,19.85,19.45,19.45,-0.25,286,0.9350108975629087,18.4665,18.186,18.186,18.56
2024-04-02,383187,7457635,19.55,19.55,19.35,19.55,0.1,267,0.9350108975629087,18.2795,18.2795,18.0925,18.2795
2024-04-03,458392,8915137,19.5,19.55,19.25,19.5,-0.05,254,0.9350108975629087,18.2327,18.2327,17.999,18.2795
2024-04-08,389985,7540430,19.4,19.55,19.15,19.4,-0.1,266,0.9350108975629087,18.1392,18.1392,17.9055,18.2795
2024-04-09,574665,11247638,19.45,19.8,19.3,19.5,0.1,277,0.9350108975629087,18.186,18.2327,18.0457,18.5132
2024-04-10,438947,8549006,19.7,19.7,19.35,19.45,-0.05,299,0.9350108975629087,18.4197,18.186,18.0925,18.4197
2024-04-11,861106,16622818,19.45,19.5,19.1,19.4,-0.05,499,0.9350108975629087,18.186,18.1392,17.8587,18.2327
2024-04-12,910797,17571714,19.35,19.5,19.1,19.5,0.1,424,0.9350108975629087,18.0925,18.2327,17.8587,18.2327
2024-04-15,363678,7102766,19.5,19.65,19.4,19.4,-0.1,240,0.9350108975629087,18.2327,18.1392,18.1392,18.373
2024-04-16,1459847,27786976,19.3,19.35,18.85,19.1,-0.3,567,0.9350108975629087,18.0457,17.8587,17.625,18.0925
2024-04-17,371694,7153473,19.1,19.35,19.1,19.2,0.1,194,0.9350108975629087,17.8587,17.9522,17.8587,18.0925
2024-04-18,233604,4501914,19.2,19.4,19.1,19.3,0.1,214,0.9350108975629087,17.9522,18.0457,17.8587,18.1392
2024-04-19,861503,16339665,19.4,19.4,18.6,18.95,-0.35,415,0.9350108975629087,18.1392,17.7185,17.3912,18.1392
2024-04-22,575844,11120219,18.95,19.45,18.95,19.45,0.5,276,0.9350108975629087,17.7185,18.186,17.7185,18.186
2024-04-23,339736,6659497,19.5,19.75,19.35,19.7,0.25,250,0.9350108975629087,18.2327,18.4197,18.0925,18.4665
2024-04-24,398783,7749739,19.7,19.7,19.3,19.4,-0.3,247,0.9350108975629087,18.4197,18.1392,18.0457,18.4197
2024-04-25,129003,2499151,19.5,19.5,19.3,19.3,-0.1,86,0.9350108975629087,18.2327,18.0457,18.0457,18.2327
2024-04-26,207235,4008066,19.3,19.45,19.2,19.35,0.05,126,0.9350108975629087,18.0457,18.0925,17.9522,18.186
2024-04-29,2135014,43153192,19.4,20.7,19.4,20.35,1.0,862,0.9350108975629087,18.1392,19.0275,18.1392,19.3547
2024-04-30,989073,20190340,20.45,20.65,20.2,20.3,-0.05,601,0.9350108975629087,19.121,18.9807,18.8872,19.308
2024-05-02,5599814,118412811,20.55,21.5,20.45,21.5,1.2,1646,0.9350108975629087,19.2145,20.1027,19.121,20.1027
2024-05-03,3380120,72440146,21.5,21.8,21.05,21.45,-0.05,1818,0.9350108975629087,20.1027,20.056,19.682,20.3832
2024-05-06,4148800,90002562,21.7,22.4,21.2,21.85,0.4,1865,0.9350108975629087,20.2897,20.43,19.8222,20.9442
2024-05-07,2225221,49128938,22.05,22.75,21.65,21.7,-0.15,1564,0.9350108975629087,20.617,20.2897,20.243,21.2715
2024-05-08,2131544,47254441,22.2,22.65,21.8,22.1,0.4,1238,0.9350108975629087,20.7572,20.6637,20.3832,21.178
2024-05-09,3991985,90610634,22.35,23.25,22.3,22.4,0.3,2038,0.9350108975629087,20.8975,20.9442,20.8507,21.739
2024-05-10,2792477,63547230,22.8,23.05,22.05,23.0,0.6,1266,0.9350108975629087,21.3182,21.5053,20.617,21.552
2024-05-13,3881310,86162631,23.15,23.15,21.7,22.0,-1.0,2063,0.9350108975629087,21.6455,20.5702,20.2897,21.6455
2024-05-14,2224694,48240408,22.4,22.5,21.15,21.2,-0.8,1247,0.9350108975629087,20.9442,19.8222,19.7755,21.0377
2024-05-15,1487676,32123971,21.5,21.85,21.3,21.85,0.65,803,0.9350108975629087,20.1027,20.43,19.9157,20.43
2024-05-16,2529153,54267988,21.55,21.95,21.1,21.45,-0.4,1272,0.9350108975629087,20.1495,20.056,19.7287,20.5235
2024-05-17,3798761,84472457,21.8,22.5,21.7,22.4,0.95,1744,0.9350108975629087,20.3832,20.9442,20.2897,21.0377
2024-05-20,2405179,53473168,22.55,22.8,21.9,22.0,-0.4,1289,0.9350108975629087,21.0845,20.5702,20.4767,21.3182
2024-05-21,1829171,39328061,22.2,22.2,21.25,21.6,-0.4,966,0.9350108975629087,20.7572,20.1962,19.869,20.7572
2024-05-22,953377,20304595,21.3,21.6,21.1,21.3,-0.3,592,0.9350108975629087,19.9157,19.9157,19.7287,20.1962
2024-05-23,2360331,48829416,21.3,21.3,20.45,20.65,-0.65,1126,0.9350108975629087,19.9157,19.308,19.121,19.9157
2024-05-24,821248,16882297,20.6,20.75,20.3,20.75,0.1,449,0.9350108975629087,19.2612,19.4015,18.9807,19.4015
2024-05-27,948177,19767629,20.9,21.1,20.5,20.9,0.15,571,0.9350108975629087,19.5417,19.5417,19.1677,19.7287
2024-05-28,746063,15703695,20.8,21.35,20.7,21.05,0.15,371,0.9350108975629087,19.4482,19.682,19.3547,19.9625
2024-05-29,303828,6401074,21.05,21.3,20.9,21.1,0.05,242,0.9350108975629087,19.682,19.7287,19.5417,19.9157
2024-05-30,604488,12836775,21.1,21.4,20.95,21.0,-0.1,340,0.9350108975629087,19.7287,19.6352,19.5885,20.0092
2024-05-31,843376,17832004,21.05,21.4,21.0,21.1,0.1,338,0.9350108975629087,19.682,19.7287,19.6352,20.0092
2024-06-03,571840,11976119,21.4,21.4,20.7,21.05,-0.05,303,0.9350108975629087,20.0092,19.682,19.3547,20.0092
2024-06-04,430526,8997499,20.95,21.15,20.8,20.85,-0.2,213,0.9350108975629087,19.5885,19.495,19.4482,19.7755
2024-06-05,606639,12693694,20.85,21.15,20.75,21.0,0.15,249,0.9350108975629087,19.495,19.6352,19.4015,19.7755
2024-06-06,922954,19282838,21.0,21.15,20.7,20.85,-0.15,399,0.9350108975629087,19.6352,19.495,19.3547,19.7755
2024-06-07,436378,9146445,20.8,21.1,20.8,20.85,0.0,204,0.9350108975629087,19.4482,19.495,19.4482,19.7287
2024-06-11,505755,10552860,20.8,20.95,20.75,20.85,0.0,264,0.9350108975629087,19.4482,19.495,19.4015,19.5885
2024-06-12,1558791,32198603,20.35,21.0,20.35,20.9,0.05,589,0.9350108975629087,19.0275,19.5417,19.0275,19.6352
2024-06-13,647901,13590152,20.9,21.25,20.75,20.8,-0.1,353,0.9350108975629087,19.5417,19.4482,19.4015,19.869
2024-06-14,997401,20789948,20.7,21.1,20.6,20.95,0.15,385,0.9350108975629087,19.3547,19.5885,19.2612,19.7287
2024-06-17,531783,11079697,20.95,21.1,20.75,20.75,-0.2,398,0.9350108975629087,19.5885,19.4015,19.4015,19.7287
2024-06-18,779668,16198031,20.8,20.95,20.7,20.75,0.0,385,0.9350108975629087,19.4482,19.4015,19.3547,19.5885
2024-06-19,952558,19805522,20.8,21.05,20.6,20.8,0.05,421,0.9350108975629087,19.4482,19.4482,19.2612,19.682
2024-06-20,519147,10837652,20.95,21.0,20.75,20.85,0.05,231,0.9350108975629087,19.5885,19.495,19.4015,19.6352
2024-06-21,535403,11183361,20.75,21.0,20.75,20.9,0.05,294,0.9350108975629087,19.4015,19.5417,19.4015,19.6352
2024-06-24,722445,15155011,20.95,21.15,20.75,21.1,0.2,351,0.9350108975629087,19.5885,19.7287,19.4015,19.7755
2024-06-25,589708,12270441,21.2,21.2,20.7,20.8,-0.3,387,0.9350108975629087,19.8222,19.4482,19.3547,19.8222
2024-06-26,1477192,31177954,20.85,21.35,20.85,21.1,0.3,534,0.9350108975629087,19.495,19.7287,19.495,19.9625
2024-06-27,5456262,119537350,21.35,22.5,21.25,21.7,0.6,2609,0.9350108975629087,19.9625,20.2897,19.869,21.0377
2024-06-28,1229887,26412330,21.75,21.85,21.15,21.25,-0.45,1072,0.9350108975629087,20.3365,19.869,19.7755,20.43
2024-07-01,742545,15664248,21.15,21.3,20.85,21.0,-0.25,485,0.9350108975629087,19.7755,19.6352,19.495,19.9157
2024-07-02,5150582,116118656,21.0,23.1,21.0,23.1,2.1,2131,0.9350108975629087,19.6352,21.5988,19.6352,21.5988
2024-07-03,11658308,276397318,24.1,24.7,22.5,23.15,0.05,5928,0.9350108975629087,22.5338,21.6455,21.0377,23.0948
2024-07-04,2530139,58846785,23.0,23.8,22.7,23.3,0.15,1360,0.9350108975629087,21.5053,21.7858,21.2247,22.2533
2024-07-05,1711642,40320889,23.8,23.95,23.2,23.35,0.05,925,0.9350108975629087,22.2533,21.8325,21.6923,22.3935
2024-07-08,2832214,65118601,23.7,23.85,21.7,22.3,-1.05,1439,0.9350108975629087,22.1598,20.8507,20.2897,22.3
2024-07-09,1602964,35069051,22.3,22.4,21.45,22.1,-0.2,855,0.9350108975629087,20.8507,20.6637,20.056,20.9442
2024-07-10,771336,16873113,22.1,22.15,21.7,21.7,-0.4,463,0.9350108975629087,20.6637,20.2897,20.2897,20.7105
2024-07-11,1968280,44824253,22.25,23.2,22.0,22.7,1.0,1129,0.9350108975629087,20.804,21.2247,20.5702,21.6923
2024-07-12,867435,19571334,22.7,23.0,22.3,22.35,-0.35,473,0.9350108975629087,21.2247,20.8975,20.8507,21.5053
2024-07-15,747939,16532143,22.45,22.55,21.95,22.05,-0.3,468,0.9350108975629087,20.991,20.617,20.5235,21.0845
2024-07-16,554459,12041042,21.6,21.9,21.55,21.6,0.0,323,0.9611650485436893,20.7612,20.7612,20.7131,21.0495
2024-07-17,368770,8051167,21.8,22.0,21.65,21.8,0.2,235,0.9611650485436893,20.9534,20.9534,20.8092,21.1456
2024-07-18,323784,7015611,21.7,21.95,21.4,21.65,-0.15,200,0.9611650485436893,20.8573,20.8092,20.5689,21.0976
2024-07-19,1217960,26636618,21.65,22.25,21.4,21.75,0.1,645,0.9611650485436893,20.8092,20.9053,20.5689,21.3859
2024-07-22,1633355,35740217,21.85,22.35,21.5,21.75,0.0,828,0.9611650485436893,21.0015,20.9053,20.665,21.482
2024-07-23,1274516,28349614,21.9,22.75,21.75,21.8,0.05,712,0.9611650485436893,21.0495,20.9534,20.9053,21.8665
2024-07-26,1502923,31368768,21.5,21.55,20.6,20.7,-1.1,844,0.9611650485436893,20.665,19.8961,19.8,20.7131
2024-07-29,1048943,21591162,21.0,21.15,20.4,20.4,-0.3,503,0.9611650485436893,20.1845,19.6078,19.6078,20.3286
2024-07-30,449334,9233463,20.55,20.8,20.35,20.7,0.3,284,0.9611650485436893,19.7519,19.8961,19.5597,19.9922
2024-07-31,894134,18315771,20.8,20.85,20.35,20.45,-0.25,503,0.9611650485436893,19.9922,19.6558,19.5597,20.0403
2024-08-01,338084,7032433,20.6,20.95,20.6,20.95,0.5,178,0.9611650485436893,19.8,20.1364,19.8,20.1364
2024-08-02,1143525,23384480,20.7,20.7,20.3,20.5,-0.45,415,0.9611650485436893,19.8961,19.7039,19.5117,19.8961
2024-08-05,2288332,43978621,20.15,20.2,18.7,18.9,-1.6,896,0.9611650485436893,19.3675,18.166,17.9738,19.4155
2024-08-06,1640359,30646579,18.95,19.25,18.0,19.15,0.25,683,0.9611650485436893,18.2141,18.4063,17.301,18.5024
2024-08-07,623856,12193476,18.95,19.8,18.95,19.5,0.35,370,0.9611650485436893,18.2141,18.7427,18.2141,19.0311
2024-08-08,273618,5265593,19.2,19.4,19.1,19.2,-0.3,248,0.9611650485436893,18.4544,18.4544,18.3583,18.6466
2024-08-09,736310,14557439,19.5,20.0,19.45,19.7,0.5,308,0.9611650485436893,18.7427,18.935,18.6947,19.2233
2024-08-12,799160,16047690,19.7,20.4,19.7,19.75,0.05,306,0.9611650485436893,18.935,18.983,18.935,19.6078
2024-08-13,423153,8334055,19.8,19.9,19.55,19.9,0.15,175,0.9611650485436893,19.0311,19.1272,18.7908,19.1272
2024-08-14,304241,6026795,19.8,20.05,19.7,19.7,-0.2,183,0.9611650485436893,19.0311,18.935,18.935,19.2714
2024-08-15,204361,4031874,19.9,19.9,19.65,19.65,-0.05,125,0.9611650485436893,19.1272,18.8869,18.8869,19.1272
2024-08-16,303673,5997154,19.85,19.95,19.55,19.75,0.1,178,0.9611650485436893,19.0791,18.983,18.7908,19.1752
2024-08-19,252841,4996854,19.95,19.95,19.65,19.75,0.0,142,0.9611650485436893,19.1752,18.983,18.8869,19.1752
2024-08-20,479967,9630351,19.8,20.35,19.75,19.9,0.15,219,0.9611650485436893,19.0311,19.1272,18.983,19.5597
2024-08-21,322778,6426232,19.7,20.1,19.7,20.0,0.1,215,0.9611650485436893,18.935,19.2233,18.935,19.3194
2024-08-22,298845,5981342,20.0,20.1,19.75,20.0,0.0,154,0.9611650485436893,19.2233,19.2233,18.983,19.3194
2024-08-23,257792,5111588,19.9,19.95,19.7,19.9,-0.1,139,0.9611650485436893,19.1272,19.1272,18.935,19.1752
2024-08-26,554432,10997450,19.8,20.1,19.7,19.85,-0.05,239,0.9611650485436893,19.0311,19.0791,18.935,19.3194
2024-08-27,235084,4674629,19.75,20.15,19.7,20.05,0.2,131,0.9611650485436893,18.983,19.2714,18.935,19.3675
2024-08-28,562249,11347027,20.1,20.3,20.0,20.05,0.0,292,0.9611650485436893,19.3194,19.2714,19.2233,19.5117
2024-08-29,305603,6152503,20.0,20.3,19.9,20.2,0.15,179,0.9611650485436893,19.2233,19.4155,19.1272,19.5117
2024-08-30,230296,4622286,20.25,20.3,19.95,20.0,-0.2,211,0.9611650485436893,19.4636,19.2233,19.1752,19.5117
2024-09-02,316620,6287487,20.0,20.0,19.8,19.8,-0.2,154,0.9611650485436893,19.2233,19.0311,19.0311,19.2233
2024-09-03,659512,12827194,19.75,19.75,19.2,19.6,-0.2,437,0.9611650485436893,18.983,18.8388,18.4544,18.983
2024-09-04,870652,16370482,19.05,19.05,18.65,18.65,-0.95,555,0.9611650485436893,18.3102,17.9257,17.9257,18.3102
2024-09-05,365037,6777452,18.75,18.8,18.35,18.35,-0.3,241,0.9611650485436893,18.0218,17.6374,17.6374,18.0699
2024-09-06,303501,5556709,18.45,18.65,17.95,18.55,0.2,188,0.9611650485436893,17.7335,17.8296,17.2529,17.9257
2024-09-09,228501,4191883,18.35,18.6,18.1,18.5,-0.05,138,0.9611650485436893,17.6374,17.7816,17.3971,17.8777
2024-09-10,426400,7797036,18.4,18.5,18.1,18.3,-0.2,222,0.9611650485436893,17.6854,17.5893,17.3971,17.7816
2024-09-11,298052,5505688,18.35,18.75,18.3,18.6,0.3,141,0.9611650485436893,17.6374,17.8777,17.5893,18.0218
2024-09-12,149740,2804939,18.8,18.85,18.55,18.6,0.0,129,0.9611650485436893,18.0699,17.8777,17.8296,18.118
2024-09-13,110908,2070067,18.6,18.8,18.55,18.7,0.1,89,0.9611650485436893,17.8777,17.9738,17.8296,18.0699
2024-09-16,152420,2879765,18.8,18.95,18.7,18.95,0.25,91,0.9611650485436893,18.0699,18.2141,17.9738,18.2141
2024-09-18,202794,3802006,18.95,18.95,18.6,18.8,-0.15,148,0.9611650485436893,18.2141,18.0699,17.8777,18.2141
2024-09-19,316761,6050309,18.8,19.25,18.7,19.05,0.25,160,0.9611650485436893,18.0699,18.3102,17.9738,18.5024
2024-09-20,265602,5074807,19.2,19.3,18.95,19.0,-0.05,133,0.9611650485436893,18.4544,18.2621,18.2141,18.5505
2024-09-23,105584,2004049,19.15,19.15,18.9,18.95,-0.05,100,0.9611650485436893,18.4063,18.2141,18.166,18.4063
2024-09-24,101897,1919330,19.05,19.05,18.75,18.8,-0.15,90,0.9611650485436893,18.3102,18.0699,18.0218,18.3102
2024-09-25,121289,2296316,18.85,19.0,18.85,18.9,0.1,97,0.9611650485436893,18.118,18.166,18.118,18.2621
2024-09-26,104705,1978721,18.9,19.05,18.75,18.8,-0.1,105,0.9611650485436893,18.166,18.0699,18.0218,18.3102
2024-09-27,200451,3839084,19.05,19.25,19.0,19.25,0.45,157,0.9611650485436893,18.3102,18.5024,18.2621,18.5024
2024-09-30,117922,2242708,19.25,19.25,18.9,19.05,-0.2,108,0.9611650485436893,18.5024,18.3102,18.166,18.5024
2024-10-01,246401,4646794,19.1,19.1,18.75,18.8,-0.25,149,0.9611650485436893,18.3583,18.0699,18.0218,18.3583
2024-10-04,158575,2966328,18.8,18.8,18.6,18.6,-0.2,143,0.9611650485436893,18.0699,17.8777,17.8777,18.0699
2024-10-07,653520,12028444,18.65,18.7,18.3,18.35,-0.25,364,0.9611650485436893,17.9257,17.6374,17.5893,17.9738
2024-10-08,637837,11652813,18.35,18.4,18.1,18.2,-0.15,319,0.9611650485436893,17.6374,17.4932,17.3971,17.6854
2024-10-09,447507,8126971,18.2,18.35,18.05,18.05,-0.15,241,0.9611650485436893,17.4932,17.349,17.349,17.6374
2024-10-11,171603,3127757,18.1,18.35,18.1,18.2,0.15,127,0.9611650485436893,17.3971,17.4932,17.3971,17.6374
2024-10-14,597357,10824390,18.0,18.3,18.0,18.15,-0.05,251,0.9611650485436893,17.301,17.4451,17.301,17.5893
2024-10-15,158429,2886593,18.15,18.3,18.15,18.2,0.05,135,0.9611650485436893,17.4451,17.4932,17.4451,17.5893
2024-10-16,299531,5430603,18.1,18.25,18.05,18.15,-0.05,189,0.9611650485436893,17.3971,17.4451,17.349,17.5413
2024-10-17,168811,3075296,18.2,18.3,18.1,18.3,0.15,105,0.9611650485436893,17.4932,17.5893,17.3971,17.5893
2024-10-18,199424,3650216,18.2,18.5,18.2,18.25,-0.05,128,0.9611650485436893,17.4932,17.5413,17.4932,17.7816
2024-10-21,380520,7058438,18.55,18.65,18.35,18.4,0.15,1225,0.9611650485436893,17.8296,17.6854,17.6374,17.9257
2024-10-22,251275,4650170,18.45,18.55,18.4,18.5,0.1,460,0.9611650485436893,17.7335,17.7816,17.6854,17.8296
2024-10-23,185571,3431215,18.5,18.55,18.45,18.45,-0.05,480,0.9611650485436893,17.7816,17.7335,17.7335,17.8296
2024-10-24,482486,8857159,18.4,18.45,18.25,18.35,-0.1,406,0.9611650485436893,17.6854,17.6374,17.5413,17.7335
2024-10-25,193317,3536719,18.35,18.35,18.25,18.3,-0.05,286,0.9611650485436893,17.6374,17.5893,17.5413,17.6374
2024-10-28,391002,7084854,18.3,18.3,18.0,18.15,-0.15,488,0.9611650485436893,17.5893,17.4451,17.301,17.5893
2024-10-29,310065,5583867,18.15,18.15,17.95,18.0,-0.15,468,0.9611650485436893,17.4451,17.301,17.2529,17.4451
2024-10-30,197116,3541133,18.05,18.05,17.9,17.95,-0.05,393,0.9611650485436893,17.349,17.2529,17.2049,17.349
2024-11-01,458637,8219513,17.95,18.0,17.8,17.9,-0.05,561,0.9611650485436893,17.2529,17.2049,17.1087,17.301
2024-11-04,117950,2121594,17.95,18.1,17.9,17.95,0.05,225,0.9611650485436893,17.2529,17.2529,17.2049,17.3971
2024-11-05,86504,1559090,17.95,18.15,17.95,18.1,0.15,192,0.9611650485436893,17.2529,17.3971,17.2529,17.4451
2024-11-06,137312,2473433,18.1,18.15,17.95,18.0,-0.1,181,0.9611650485436893,17.3971,17.301,17.2529,17.4451
2024-11-07,385818,6997025,18.0,18.4,17.95,18.15,0.15,242,0.9611650485436893,17.301,17.4451,17.2529,17.6854
2024-11-08,287317,5238965,18.3,18.35,18.05,18.25,0.1,191,0.9611650485436893,17.5893,17.5413,17.349,17.6374
2024-11-11,68139,1235275,18.15,18.15,18.05,18.1,-0.15,237,0.9611650485436893,17.4451,17.3971,17.349,17.4451
2024-11-12,201654,3616189,18.0,18.05,17.8,18.0,-0.1,288,0.9611650485436893,17.301,17.301,17.1087,17.349
2024-11-13,142474,2555835,17.95,18.05,17.85,17.95,-0.05,192,0.9611650485436893,17.2529,17.2529,17.1568,17.349
2024-11-14,630629,11160940,17.9,17.9,17.5,17.7,-0.25,1178,0.9611650485436893,17.2049,17.0126,16.8204,17.2049
2024-11-15,144487,2560786,17.8,17.9,17.6,17.9,0.2,366,0.9611650485436893,17.1087,17.2049,16.9165,17.2049
2024-11-18,138021,2444883,17.85,17.85,17.65,17.65,-0.25,257,0.9611650485436893,17.1568,16.9646,16.9646,17.1568
2024-11-19,153120,2698064,17.6,17.7,17.5,17.65,0.0,287,0.9611650485436893,16.9165,16.9646,16.8204,17.0126
2024-11-20,120652,2130197,17.55,17.75,17.55,17.7,0.05,129,0.9611650485436893,16.8684,17.0126,16.8684,17.0607
2024-11-21,47954,846183,17.65,17.65,17.6,17.6,-0.1,200,0.9611650485436893,16.9646,16.9165,16.9165,16.9646
2024-11-22,168729,3000768,17.65,17.95,17.6,17.8,0.2,199,0.9611650485436893,16.9646,17.1087,16.9165,17.2529
2024-11-25,201970,3617583,17.9,18.05,17.75,17.8,0.0,218,0.9611650485436893,17.2049,17.1087,17.0607,17.349
2024-11-26,170922,3071168,17.95,18.05,17.8,18.0,0.2,213,0.9611650485436893,17.2529,17.301,17.1087,17.349
2024-11-27,186222,3363920,18.0,18.15,17.9,17.9,-0.1,185,0.9611650485436893,17.301,17.2049,17.2049,17.4451
2024-11-28,126318,2250579,18.0,18.0,17.7,17.8,-0.1,183,0.9611650485436893,17.301,17.1087,17.0126,17.301
2024-11-29,59738,1063339,17.7,17.95,17.7,17.85,0.05,85,0.9611650485436893,17.0126,17.1568,17.0126,17.2529
2024-12-02,218360,3928065,18.05,18.15,17.75,18.0,0.15,184,0.9611650485436893,17.349,17.301,17.0607,17.4451
2024-12-03,151612,2728765,18.1,18.1,17.9,17.95,-0.05,160,0.9611650485436893,17.3971,17.2529,17.2049,17.3971
2024-12-04,80346,1439411,18.05,18.05,17.85,17.9,-0.05,125,0.9611650485436893,17.349,17.2049,17.1568,17.349
2024-12-05,95428,1706340,17.9,17.95,17.8,17.95,0.05,107,0.9611650485436893,17.2049,17.2529,17.1087,17.2529
2024-12-06,70533,1262765,18.0,18.0,17.8,17.95,0.0,117,0.9611650485436893,17.301,17.2529,17.1087,17.301
2024-12-09,99093,1768036,17.85,17.95,17.8,17.8,-0.15,147,0.9611650485436893,17.1568,17.1087,17.1087,17.2529
2024-12-10,312385,5540399,17.85,17.9,17.6,17.7,-0.1,255,0.9611650485436893,17.1568,17.0126,16.9165,17.2049
2024-12-11,70959,1253242,17.7,17.8,17.6,17.65,-0.05,94,0.9611650485436893,17.0126,16.9646,16.9165,17.1087
2024-12-12,744854,13148051,17.65,17.9,17.5,17.65,0.0,384,0.9611650485436893,16.9646,16.9646,16.8204,17.2049
2024-12-13,364031,6381351,17.65,17.65,17.45,17.5,-0.15,342,0.9611650485436893,16.9646,16.8204,16.7723,16.9646
2024-12-16,652464,11357614,17.55,17.65,17.25,17.3,-0.2,1534,0.9611650485436893,16.8684,16.6282,16.5801,16.9646
2024-12-17,186290,3223530,17.35,17.4,17.2,17.2,-0.1,367,0.9611650485436893,16.6762,16.532,16.532,16.7243
2024-12-18,201517,3457243,17.2,17.25,17.0,17.15,-0.05,411,0.9611650485436893,16.532,16.484,16.3398,16.5801
2024-12-19,493333,8443643,17.1,17.4,16.85,17.4,0.25,718,0.9611650485436893,16.4359,16.7243,16.1956,16.7243
2024-12-20,301427,5210616,17.2,17.5,17.05,17.5,0.1,249,0.9611650485436893,16.532,16.8204,16.3879,16.8204
2024-12-23,208047,3629432,17.45,17.55,17.35,17.45,-0.05,213,0.9611650485436893,16.7723,16.7723,16.6762,16.8684
2024-12-24,112965,1981236,17.5,17.65,17.45,17.45,0.0,121,0.9611650485436893,16.8204,16.7723,16.7723,16.9646
2024-12-25,393824,6989550,17.65,17.9,17.5,17.7,0.25,185,0.9611650485436893,16.9646,17.0126,16.8204,17.2049
2024-12-26,88268,1558719,17.9,17.9,17.55,17.6,-0.1,173,0.9611650485436893,17.2049,16.9165,16.8684,17.2049
2024-12-27,79954,1403003,17.55,17.6,17.5,17.55,-0.05,151,0.9611650485436893,16.8684,16.8684,16.8204,16.9165
2024-12-30,61807,1086673,17.6,17.65,17.55,17.55,0.0,64,0.9611650485436893,16.9165,16.8684,16.8684,16.9646
2024-12-31,248717,4329239,17.5,17.55,17.2,17.55,0.0,240,0.9611650485436893,16.8204,16.8684,16.532,16.8684
2025-01-02,277006,4768201,17.5,17.5,17.05,17.1,-0.45,314,0.9611650485436893,16.8204,16.4359,16.3879,16.8204
2025-01-03,123294,2101050,17.2,17.25,16.95,17.0,-0.1,170,0.9611650485436893,16.532,16.3398,16.2917,16.5801
2025-01-06,170835,2902436,17.0,17.1,16.85,16.95,-0.05,209,0.9611650485436893,16.3398,16.2917,16.1956,16.4359
2025-01-07,165277,2805591,17.0,17.1,16.85,16.9,-0.05,276,0.9611650485436893,16.3398,16.2437,16.1956,16.4359
2025-01-08,65276,1103836,16.8,17.0,16.8,16.9,0.0,60,0.9611650485436893,16.1476,16.2437,16.1476,16.3398
2025-01-09,138321,2356687,16.95,17.2,16.95,17.0,0.1,120,0.9611650485436893,16.2917,16.3398,16.2917,16.532
2025-01-10,105182,1783758,17.05,17.05,16.85,17.05,0.05,118,0.9611650485436893,16.3879,16.3879,16.1956,16.3879
2025-01-13,307188,5141529,16.9,17.05,16.6,16.7,-0.35,468,0.9611650485436893,16.2437,16.0515,15.9553,16.3879
2025-01-14,61055,1021701,16.7,16.8,16.65,16.7,0.0,201,0.9611650485436893,16.0515,16.0515,16.0034,16.1476
2025-01-15,90351,1509916,16.8,16.8,16.6,16.65,-0.05,316,0.9611650485436893,16.1476,16.0034,15.9553,16.1476
2025-01-16,105878,1770366,16.85,16.85,16.65,16.65,0.0,149,0.9611650485436893,16.1956,16.0034,16.0034,16.1956
2025-01-17,132675,2208141,16.65,16.75,16.5,16.65,0.0,230,0.9611650485436893,16.0034,16.0034,15.8592,16.0995
2025-01-20,140957,2361946,16.75,16.85,16.65,16.8,0.15,221,0.9611650485436893,16.0995,16.1476,16.0034,16.1956
2025-01-21,54568,920270,16.8,16.9,16.75,16.9,0.1,147,0.9611650485436893,16.1476,16.2437,16.0995,16.2437
2025-01-22,78903,1339180,16.95,17.0,16.9,17.0,0.1,173,0.9611650485436893,16.2917,16.3398,16.2437,16.3398
2025-02-03,187712,3167434,17.0,17.0,16.7,16.8,-0.2,334,0.9611650485436893,16.3398,16.1476,16.0515,16.3398
2025-02-04,108194,1820423,16.95,16.95,16.75,16.75,-0.05,189,0.9611650485436893,16.2917,16.0995,16.0995,16.2917
2025-02-05,45269,762265,16.8,16.9,16.75,16.8,0.05,83,0.9611650485436893,16.1476,16.1476,16.0995,16.2437
2025-02-06,131504,2233098,16.95,17.0,16.9,17.0,0.2,126,0.9611650485436893,16.2917,16.3398,16.2437,16.3398
2025-02-07,143272,2455552,16.95,17.45,16.95,17.3,0.3,150,0.9611650485436893,16.2917,16.6282,16.2917,16.7723
2025-02-10,125534,2171032,17.3,17.35,17.2,17.3,0.0,164,0.9611650485436893,16.6282,16.6282,16.532,16.6762
2025-02-11,74507,1284535,17.3,17.3,17.15,17.2,-0.1,301,0.9611650485436893,16.6282,16.532,16.484,16.6282
2025-02-12,109825,1879855,17.1,17.15,17.05,17.15,-0.05,213,0.9611650485436893,16.4359,16.484,16.3879,16.484
2025-02-13,83515,1444080,17.2,17.35,17.2,17.35,0.2,147,0.9611650485436893,16.532,16.6762,16.532,16.6762
2025-02-14,205760,3605995,17.45,17.65,17.4,17.65,0.3,135,0.9611650485436893,16.7723,16.9646,16.7243,16.9646
2025-02-17,161683,2874918,17.65,17.85,17.65,17.8,0.15,170,0.9611650485436893,16.9646,17.1087,16.9646,17.1568
2025-02-18,116337,2078315,17.8,17.95,17.75,17.8,0.0,119,0.9611650485436893,17.1087,17.1087,17.0607,17.2529
2025-02-19,83173,1478399,17.8,17.8,17.7,17.75,-0.05,107,0.9611650485436893,17.1087,17.0607,17.0126,17.1087
2025-02-20,61647,1094882,17.7,17.9,17.7,17.75,0.0,90,0.9611650485436893,17.0126,17.0607,17.0126,17.2049
2025-02-21,83175,1473077,17.65,17.75,17.65,17.75,0.0,123,0.9611650485436893,16.9646,17.0607,16.9646,17.0607
2025-02-24,101747,1798083,17.75,17.75,17.6,17.65,-0.1,182,0.9611650485436893,17.0607,16.9646,16.9165,17.0607
2025-02-25,155913,2732253,17.5,17.6,17.5,17.55,-0.1,184,0.9611650485436893,16.8204,16.8684,16.8204,16.9165
2025-02-26,54333,953718,17.55,17.6,17.5,17.55,0.0,109,0.9611650485436893,16.8684,16.8684,16.8204,16.9165
2025-02-27,105609,1846337,17.55,17.55,17.45,17.5,-0.05,211,0.9611650485436893,16.8684,16.8204,16.7723,16.8684
2025-03-03,76213,1329745,17.5,17.5,17.35,17.45,-0.05,281,0.9611650485436893,16.8204,16.7723,16.6762,16.8204
2025-03-04,140163,2441232,17.3,17.55,17.3,17.45,0.0,216,0.9611650485436893,16.6282,16.7723,16.6282,16.8684
2025-03-05,111008,1940556,17.7,17.7,17.4,17.45,0.0,183,0.9611650485436893,17.0126,16.7723,16.7243,17.0126
2025-03-06,55491,971930,17.6,17.6,17.45,17.6,0.15,66,0.9611650485436893,16.9165,16.9165,16.7723,16.9165
2025-03-07,117361,2050273,17.45,17.55,17.45,17.45,-0.15,173,0.9611650485436893,16.7723,16.7723,16.7723,16.8684
2025-03-10,149429,2600695,17.45,17.5,17.1,17.4,-0.05,174,0.9611650485436893,16.7723,16.7243,16.4359,16.8204
2025-03-11,262612,4480464,17.1,17.15,16.95,17.1,-0.3,427,0.9611650485436893,16.4359,16.4359,16.2917,16.484
2025-03-12,108492,1854028,17.2,17.2,17.05,17.05,-0.05,177,0.9611650485436893,16.532,16.3879,16.3879,16.532
2025-03-13,169831,2896135,17.15,17.15,17.0,17.05,0.0,209,0.9611650485436893,16.484,16.3879,16.3398,16.484
2025-03-14,114581,1965149,17.15,17.3,17.0,17.3,0.25,205,0.9611650485436893,16.484,16.6282,16.3398,16.6282
2025-03-17,93772,1610594,17.15,17.3,17.05,17.25,-0.05,167,0.9611650485436893,16.484,16.5801,16.3879,16.6282
2025-03-18,75937,1304454,17.25,17.25,17.15,17.2,-0.05,131,0.9611650485436893,16.5801,16.532,16.484,16.5801
2025-03-19,120671,2073330,17.25,17.25,17.1,17.2,0.0,98,0.9611650485436893,16.5801,16.532,16.4359,16.5801
2025-03-20,107305,1842325,17.2,17.2,17.1,17.15,-0.05,159,0.9611650485436893,16.532,16.484,16.4359,16.532
2025-03-21,85361,1462730,17.2,17.2,17.1,17.15,0.0,114,0.9611650485436893,16.532,16.484,16.4359,16.532
2025-03-24,102955,1759041,17.15,17.2,17.0,17.05,-0.1,142,0.9611650485436893,16.484,16.3879,16.3398,16.532
2025-03-25,137913,2354763,17.05,17.1,17.05,17.1,0.05,145,0.9611650485436893,16.3879,16.4359,16.3879,16.4359
2025-03-26,108397,1854162,17.15,17.15,17.0,17.0,-0.1,116,0.9611650485436893,16.484,16.3398,16.3398,16.484
2025-03-27,128676,2184883,17.0,17.05,16.95,17.05,0.05,131,0.9611650485436893,16.3398,16.3879,16.2917,16.3879
2025-03-28,279893,4680677,16.95,16.95,16.55,16.65,-0.4,418,0.9611650485436893,16.2917,16.0034,15.9073,16.2917
2025-03-31,393731,6347148,16.4,16.4,16.0,16.15,-0.5,604,0.9611650485436893,15.7631,15.5228,15.3786,15.7631
2025-04-01,107050,1737619,16.3,16.3,16.15,16.25,0.1,202,0.9611650485436893,15.667,15.6189,15.5228,15.667
2025-04-02,88233,1448532,16.35,16.65,16.3,16.4,0.15,123,0.9611650485436893,15.715,15.7631,15.667,16.0034
2025-04-07,103022,1525340,14.8,14.8,14.8,14.8,-1.6,869,0.9611650485436893,14.2252,14.2252,14.2252,14.2252
2025-04-08,1018319,13878198,13.35,14.05,13.35,13.8,-1.0,604,0.9611650485436893,12.8316,13.2641,12.8316,13.5044
2025-04-09,481959,6532893,14.2,14.2,12.8,13.0,-0.8,563,0.9611650485436893,13.6485,12.4951,12.3029,13.6485
2025-04-10,337553,4783286,14.05,14.3,13.9,14.3,1.3,182,0.9611650485436893,13.5044,13.7447,13.3602,13.7447
2025-04-11,281890,3914191,14.0,14.3,13.35,14.3,0.0,250,0.9611650485436893,13.4563,13.7447,12.8316,13.7447
2025-04-14,299933,4364542,14.3,14.9,14.3,14.45,0.15,266,0.9611650485436893,13.7447,13.8888,13.7447,14.3214
2025-04-15,204526,3070828,14.4,15.3,14.4,15.3,0.85,167,0.9611650485436893,13.8408,14.7058,13.8408,14.7058
2025-04-16,55275,835917,15.0,15.25,15.0,15.05,-0.25,159,0.9611650485436893,14.4175,14.4655,14.4175,14.6578
2025-04-17,89328,1340877,14.95,15.15,14.85,15.0,-0.05,173,0.9611650485436893,14.3694,14.4175,14.2733,14.5617
2025-04-18,91546,1387661,15.3,15.3,15.1,15.25,0.25,116,0.9611650485436893,14.7058,14.6578,14.5136,14.7058
2025-04-21,45735,689265,15.2,15.2,14.85,15.2,-0.05,172,0.9611650485436893,14.6097,14.6097,14.2733,14.6097
2025-04-22,104188,1553118,15.0,15.05,14.75,15.0,-0.2,194,0.9611650485436893,14.4175,14.4175,14.1772,14.4655
2025-04-23,69610,1057255,15.1,15.4,15.05,15.15,0.15,106,0.9611650485436893,14.5136,14.5617,14.4655,14.8019
2025-04-24,73114,1106174,15.2,15.2,15.0,15.15,0.0,184,0.9611650485436893,14.6097,14.5617,14.4175,14.6097
2025-04-25,86092,1315571,15.3,15.35,15.15,15.3,0.15,133,0.9611650485436893,14.7058,14.7058,14.5617,14.7539
2025-04-28,58956,902830,15.5,15.5,15.2,15.35,0.05,145,0.9611650485436893,14.8981,14.7539,14.6097,14.8981
2025-04-29,59451,919246,15.4,15.55,15.35,15.55,0.2,82,0.9611650485436893,14.8019,14.9461,14.7539,14.9461
2025-04-30,58561,903350,15.5,15.5,15.35,15.35,-0.2,153,0.9611650485436893,14.8981,14.7539,14.7539,14.8981
2025-05-02,198489,3141336,15.35,16.05,15.35,15.95,0.6,131,0.9611650485436893,14.7539,15.3306,14.7539,15.4267
2025-05-05,284029,4591217,16.2,16.5,15.85,15.95,0.0,322,0.9611650485436893,15.5709,15.3306,15.2345,15.8592
2025-05-06,1006686,16764746,16.5,17.0,16.2,16.2,0.25,651,0.9611650485436893,15.8592,15.5709,15.5709,16.3398
2025-05-07,83361,1342860,16.2,16.2,16.05,16.1,-0.1,146,0.9611650485436893,15.5709,15.4748,15.4267,15.5709
2025-05-08,117357,1885503,16.2,16.2,16.0,16.05,-0.05,127,0.9611650485436893,15.5709,15.4267,15.3786,15.5709
2025-05-09,91150,1457347,16.05,16.1,15.9,16.0,-0.05,99,0.9611650485436893,15.4267,15.3786,15.2825,15.4748
2025-05-12,199980,3182149,16.3,16.3,15.8,15.9,-0.1,217,0.9611650485436893,15.667,15.2825,15.1864,15.667
2025-05-13,243563,3878692,15.95,16.1,15.75,16.0,0.1,151,0.9611650485436893,15.3306,15.3786,15.1383,15.4748
2025-05-14,105476,1687786,16.0,16.15,15.95,15.95,-0.05,224,0.9611650485436893,15.3786,15.3306,15.3306,15.5228
2025-05-15,57205,911822,15.95,16.0,15.9,15.9,-0.05,69,0.9611650485436893,15.3306,15.2825,15.2825,15.3786
2025-05-16,185583,2947462,15.85,16.0,15.8,15.9,0.0,242,0.9611650485436893,15.2345,15.2825,15.1864,15.3786
2025-05-19,59286,943355,16.0,16.0,15.8,15.8,-0.1,80,0.9611650485436893,15.3786,15.1864,15.1864,15.3786
2025-05-20,130223,2057895,16.05,16.05,15.7,15.85,0.05,120,0.9611650485436893,15.4267,15.2345,15.0903,15.4267
2025-05-21,26445,420289,15.75,15.9,15.75,15.9,0.05,44,0.9611650485436893,15.1383,15.2825,15.1383,15.2825
2025-05-22,26217,415170,15.85,15.9,15.8,15.8,-0.1,84,0.9611650485436893,15.2345,15.1864,15.1864,15.2825
2025-05-23,100897,1610886,15.8,16.05,15.7,16.0,0.2,78,0.9611650485436893,15.1864,15.3786,15.0903,15.4267
2025-05-26,65898,1053946,16.0,16.05,15.95,16.0,0.0,131,0.9611650485436893,15.3786,15.3786,15.3306,15.4267
2025-05-27,74411,1187977,16.0,16.1,15.9,15.9,-0.1,100,0.9611650485436893,15.3786,15.2825,15.2825,15.4748
2025-05-28,45157,719575,15.95,15.95,15.9,15.9,0.0,47,0.9611650485436893,15.3306,15.2825,15.2825,15.3306
2025-05-29,70761,1125149,16.05,16.1,15.8,15.95,0.05,94,0.9611650485436893,15.4267,15.3306,15.1864,15.4748
2025-06-02,151804,2421274,15.8,16.05,15.8,15.9,-0.05,92,0.9611650485436893,15.1864,15.2825,15.1864,15.4267
2025-06-03,80799,1283506,15.95,16.0,15.8,15.8,-0.1,91,0.9611650485436893,15.3306,15.1864,15.1864,15.3786
2025-06-04,58109,926188,15.85,16.0,15.8,15.9,0.1,57,0.9611650485436893,15.2345,15.2825,15.1864,15.3786
2025-06-05,29590,471529,15.9,16.0,15.9,15.9,0.0,54,0.9611650485436893,15.2825,15.2825,15.2825,15.3786
2025-06-06,67074,1065151,15.85,16.0,15.8,16.0,0.1,52,0.9611650485436893,15.2345,15.3786,15.1864,15.3786
2025-06-09,134376,2123779,16.0,16.0,15.7,15.7,-0.3,126,0.9611650485436893,15.3786,15.0903,15.0903,15.3786
2025-06-10,132951,2083839,15.7,15.75,15.6,15.65,-0.05,115,0.9611650485436893,15.0903,15.0422,14.9942,15.1383
2025-06-11,91464,1430173,15.65,15.7,15.55,15.55,-0.1,90,0.9611650485436893,15.0422,14.9461,14.9461,15.0903
2025-06-12,63917,996389,15.6,15.7,15.55,15.6,0.05,70,0.9611650485436893,14.9942,14.9942,14.9461,15.0903
2025-06-13,85983,1333822,15.55,15.6,15.45,15.45,-0.15,90,0.9611650485436893,14.9461,14.85,14.85,14.9942
2025-06-16,55864,862750,15.5,15.55,15.35,15.55,0.1,66,0.9611650485436893,14.8981,14.9461,14.7539,14.9461
2025-06-17,70078,1082779,15.55,15.55,15.4,15.5,-0.05,107,0.9611650485436893,14.9461,14.8981,14.8019,14.9461
2025-06-18,87004,1344801,15.45,15.6,15.35,15.45,-0.05,92,0.9611650485436893,14.85,14.85,14.7539,14.9942
2025-06-19,83546,1287576,15.45,15.55,15.35,15.35,-0.1,70,0.9611650485436893,14.85,14.7539,14.7539,14.9461
2025-06-20,126726,1935899,15.35,15.5,15.2,15.2,-0.15,160,0.9611650485436893,14.7539,14.6097,14.6097,14.8981
2025-06-23,150573,2257741,15.1,15.1,14.9,15.0,-0.2,232,0.9611650485436893,14.5136,14.4175,14.3214,14.5136
2025-06-24,61205,929662,15.05,15.35,15.0,15.35,0.35,109,0.9611650485436893,14.4655,14.7539,14.4175,14.7539
2025-06-25,115859,1788095,15.3,15.6,15.3,15.6,0.25,162,0.9611650485436893,14.7058,14.9942,14.7058,14.9942
2025-06-26,132389,2094972,15.6,15.9,15.6,15.85,0.25,103,0.9611650485436893,14.9942,15.2345,14.9942,15.2825
2025-06-27,200770,3190109,15.9,16.15,15.75,15.85,0.0,145,0.9611650485436893,15.2825,15.2345,15.1383,15.5228
2025-06-30,100527,1598304,15.85,15.95,15.8,15.85,0.0,77,0.9611650485436893,15.2345,15.2345,15.1864,15.3306
2025-07-01,151629,2414226,15.75,16.0,15.75,16.0,0.15,136,0.9611650485436893,15.1383,15.3786,15.1383,15.3786
2025-07-02,43172,689293,16.0,16.0,15.9,15.95,-0.05,76,0.9611650485436893,15.3786,15.3306,15.2825,15.3786
2025-07-03,251740,3993409,15.95,15.95,15.8,15.9,-0.05,162,0.9611650485436893,15.3306,15.2825,15.1864,15.3306
2025-07-04,105633,1667319,15.9,15.9,15.65,15.65,-0.25,114,0.9611650485436893,15.2825,15.0422,15.0422,15.2825
2025-07-07,111188,1726865,15.65,15.7,15.4,15.5,-0.15,107,0.9611650485436893,15.0422,14.8981,14.8019,15.0903
2025-07-08,53168,819142,15.45,15.5,15.3,15.45,-0.05,72,0.9611650485436893,14.85,14.85,14.7058,14.8981
2025-07-09,46829,723326,15.45,15.5,15.35,15.45,0.0,48,0.9611650485436893,14.85,14.85,14.7539,14.8981
2025-07-10,105377,1623389,15.35,15.45,15.35,15.4,-0.05,100,0.9611650485436893,14.7539,14.8019,14.7539,14.85
2025-07-11,111667,1733038,15.5,15.65,15.45,15.6,0.2,47,0.9611650485436893,14.8981,14.9942,14.85,15.0422
2025-07-14,178780,2763226,15.6,15.6,15.35,15.45,-0.15,174,0.9611650485436893,14.9942,14.85,14.7539,14.9942
2025-07-15,132513,1971866,14.9,14.95,14.8,14.85,0.0,151,1.0,14.9,14.85,14.8,14.95
2025-07-16,61603,915200,14.8,14.95,14.8,14.85,0.0,62,1.0,14.8,14.85,14.8,14.95
2025-07-17,80113,1193535,14.9,15.0,14.85,14.9,0.05,94,1.0,14.9,14.9,14.85,15.0
2025-07-18,220296,3296225,15.0,15.05,14.85,14.95,0.05,133,1.0,15.0,14.95,14.85,15.05
2025-07-21,41466,621105,15.05,15.05,14.95,14.95,0.0,76,1.0,15.05,14.95,14.95,15.05
2025-07-22,80342,1196903,15.0,15.1,14.8,14.8,-0.15,82,1.0,15.0,14.8,14.8,15.1
2025-07-23,48161,719960,15.0,15.05,14.85,15.0,0.2,49,1.0,15.0,15.0,14.85,15.05
2025-07-24,85314,1271677,14.85,15.0,14.85,15.0,0.0,73,1.0,14.85,15.0,14.85,15.0
2025-07-25,188487,2865465,14.9,15.35,14.9,15.35,0.35,97,1.0,14.9,15.35,14.9,15.35
2025-07-28,54187,828114,15.2,15.35,15.2,15.25,-0.1,57,1.0,15.2,15.25,15.2,15.35
2025-07-29,61822,934691,15.35,15.35,15.0,15.25,0.0,82,1.0,15.35,15.25,15.0,15.35
2025-07-30,35952,548588,15.3,15.3,15.2,15.2,-0.05,55,1.0,15.3,15.2,15.2,15.3
2025-07-31,45935,699448,15.15,15.3,15.1,15.2,0.0,46,1.0,15.15,15.2,15.1,15.3
2025-08-01,27762,422379,15.0,15.3,15.0,15.25,0.05,55,1.0,15.0,15.25,15.0,15.3
2025-08-04,87595,1316599,15.0,15.15,14.95,15.0,-0.25,75,1.0,15.0,15.0,14.95,15.15
2025-08-05,22576,339022,15.05,15.05,15.0,15.0,0.0,51,1.0,15.05,15.0,15.0,15.05
2025-08-06,39579,596614,15.05,15.15,15.0,15.15,0.15,41,1.0,15.05,15.15,15.0,15.15
2025-08-07,46653,706807,15.0,15.2,15.0,15.2,0.05,40,1.0,15.0,15.2,15.0,15.2
2025-08-08,90884,1377435,15.0,15.25,15.0,15.2,0.0,116,1.0,15.0,15.2,15.0,15.25
2025-08-11,143701,2163893,15.2,15.2,14.9,15.2,0.0,160,1.0,15.2,15.2,14.9,15.2
2025-08-12,115072,1728116,15.2,15.2,14.95,15.0,-0.2,137,1.0,15.2,15.0,14.95,15.2
2025-08-13,27037,406984,15.15,15.15,15.0,15.1,0.1,59,1.0,15.15,15.1,15.0,15.15
2025-08-14,139712,2088059,15.1,15.1,14.9,14.95,-0.15,135,1.0,15.1,14.95,14.9,15.1
2025-08-15,168104,2496044,14.95,14.95,14.8,14.9,-0.05,144,1.0,14.95,14.9,14.8,14.95
2025-08-18,112786,1676792,14.95,14.95,14.8,14.8,-0.1,127,1.0,14.95,14.8,14.8,14.95
2025-08-19,147710,2209936,15.0,15.05,14.85,15.0,0.2,92,1.0,15.0,15.0,14.85,15.05
2025-08-20,84263,1252147,14.95,15.0,14.8,14.8,-0.2,128,1.0,14.95,14.8,14.8,15.0
2025-08-21,62991,941714,14.85,15.0,14.85,14.9,0.1,68,1.0,14.85,14.9,14.85,15.0
2025-08-22,23043,343910,14.9,14.95,14.9,14.9,0.0,51,1.0,14.9,14.9,14.9,14.95
2025-08-25,169798,2531469,14.95,15.0,14.8,14.9,0.0,148,1.0,14.95,14.9,14.8,15.0
2025-08-26,26576,396185,14.9,15.0,14.85,14.85,-0.05,82,1.0,14.9,14.85,14.85,15.0
2025-08-27,98767,1465083,14.85,14.9,14.8,14.9,0.05,104,1.0,14.85,14.9,14.8,14.9
2025-08-28,88983,1328481,14.95,14.95,14.85,14.95,0.05,68,1.0,14.95,14.95,14.85,14.95
2025-08-29,77571,1159061,15.0,15.0,14.9,15.0,0.05,58,1.0,15.0,15.0,14.9,15.0
2025-09-01,155553,2291669,15.0,15.0,14.6,14.8,-0.2,222,1.0,15.0,14.8,14.6,15.0
2025-09-02,66100,974743,14.8,14.8,14.65,14.75,-0.05,71,1.0,14.8,14.75,14.65,14.8
2025-09-03,56079,824715,14.7,14.8,14.65,14.8,0.05,114,1.0,14.7,14.8,14.65,14.8
2025-09-04,58034,856069,14.95,14.95,14.7,14.75,-0.05,92,1.0,14.95,14.75,14.7,14.95
2025-09-05,110077,1611424,14.8,14.8,14.5,14.75,0.0,230,1.0,14.8,14.75,14.5,14.8
2025-09-08,69521,1028779,14.75,14.85,14.75,14.85,0.1,65,1.0,14.75,14.85,14.75,14.85
2025-09-09,52632,779001,14.75,14.85,14.7,14.85,0.0,71,1.0,14.75,14.85,14.7,14.85
2025-09-10,97114,1432970,14.7,14.85,14.65,14.8,-0.05,102,1.0,14.7,14.8,14.65,14.85
2025-09-11,49616,728704,14.7,14.75,14.6,14.75,-0.05,128,1.0,14.7,14.75,14.6,14.75
2025-09-12,80265,1175083,14.7,14.75,14.6,14.6,-0.15,108,1.0,14.7,14.6,14.6,14.75
2025-09-15,97526,1418431,14.7,14.7,14.5,14.55,-0.05,201,1.0,14.7,14.55,14.5,14.7
2025-09-16,51731,752126,14.55,14.65,14.5,14.5,-0.05,117,1.0,14.55,14.5,14.5,14.65
2025-09-17,77430,1125576,14.55,14.55,14.5,14.5,0.0,119,1.0,14.55,14.5,14.5,14.55
2025-09-18,57298,834337,14.55,14.6,14.5,14.6,0.1,71,1.0,14.55,14.6,14.5,14.6
2025-09-19,134336,1949734,14.6,14.6,14.45,14.6,0.0,139,1.0,14.6,14.6,14.45,14.6
2025-09-22,138881,2007510,14.6,14.6,14.35,14.45,-0.15,213,1.0,14.6,14.45,14.35,14.6
2025-09-23,158199,2280255,14.45,14.5,14.35,14.5,0.05,126,1.0,14.45,14.5,14.35,14.5
2025-09-24,23050,333211,14.5,14.5,14.4,14.45,-0.05,81,1.0,14.5,14.45,14.4,14.5
2025-09-25,45128,653097,14.5,14.5,14.45,14.5,0.05,76,1.0,14.5,14.5,14.45,14.5
2025-09-26,22824,330327,14.5,14.5,14.4,14.5,0.0,90,1.0,14.5,14.5,14.4,14.5
2025-09-30,53899,778758,14.55,14.55,14.4,14.4,-0.1,84,1.0,14.55,14.4,14.4,14.55
2025-10-01,64968,933747,14.5,14.5,14.25,14.4,0.0,102,1.0,14.5,14.4,14.25,14.5
2025-10-02,84892,1217950,14.35,14.4,14.3,14.35,-0.05,118,1.0,14.35,14.35,14.3,14.4
2025-10-03,60325,862647,14.3,14.3,14.25,14.3,-0.05,116,1.0,14.3,14.3,14.25,14.3
2025-10-07,206408,2916558,14.3,14.3,14.05,14.05,-0.25,306,1.0,14.3,14.05,14.05,14.3
2025-10-08,61745,869762,14.2,14.25,14.0,14.1,0.05,95,1.0,14.2,14.1,14.0,14.25
2025-10-09,214702,2999380,14.1,14.1,13.85,13.95,-0.15,330,1.0,14.1,13.95,13.85,14.1
2025-10-13,73121,1015643,13.95,13.95,13.8,13.9,-0.05,138,1.0,13.95,13.9,13.8,13.95
2025-10-14,54557,761793,14.0,14.1,13.9,14.0,0.1,113,1.0,14.0,14.0,13.9,14.1
2025-10-15,157773,2181107,13.95,14.0,13.75,13.8,-0.2,261,1.0,13.95,13.8,13.75,14.0
2025-10-16,126114,1750556,13.95,13.95,13.85,13.85,0.05,98,1.0,13.95,13.85,13.85,13.95
2025-10-17,132575,1834339,13.85,14.0,13.75,13.85,0.0,109,1.0,13.85,13.85,13.75,14.0
2025-10-20,126663,1752862,13.9,13.9,13.8,13.85,0.0,101,1.0,13.9,13.85,13.8,13.9
2025-10-21,85351,1180985,13.95,13.95,13.8,13.8,-0.05,81,1.0,13.95,13.8,13.8,13.95
2025-10-22,148430,2047533,13.8,13.85,13.75,13.8,0.0,138,1.0,13.8,13.8,13.75,13.85
2025-10-23,161020,2207743,13.8,13.8,13.65,13.65,-0.15,185,1.0,13.8,13.65,13.65,13.8
2025-10-27,77054,1053004,13.65,13.7,13.6,13.65,0.0,139,1.0,13.65,13.65,13.6,13.7
2025-10-28,44631,609550,13.6,13.7,13.6,13.65,0.0,81,1.0,13.6,13.65,13.6,13.7
2025-10-29,135235,1855243,13.65,13.85,13.6,13.7,0.05,122,1.0,13.65,13.7,13.6,13.85
2025-10-30,96764,1314894,13.65,13.65,13.55,13.55,-0.15,147,1.0,13.65,13.55,13.55,13.65
2025-10-31,34911,475221,13.7,13.7,13.55,13.65,0.1,85,1.0,13.7,13.65,13.55,13.7
2025-11-03,52481,714884,13.65,13.75,13.55,13.55,-0.1,77,1.0,13.65,13.55,13.55,13.75
2025-11-04,185135,2491513,13.55,13.7,13.4,13.4,-0.15,150,1.0,13.55,13.4,13.4,13.7
2025-11-05,95539,1269943,13.4,13.4,13.2,13.35,-0.05,143,1.0,13.4,13.35,13.2,13.4
2025-11-06,108744,1466405,13.35,13.75,13.35,13.65,0.3,93,1.0,13.35,13.65,13.35,13.75
2025-11-07,83536,1146760,13.55,13.8,13.55,13.75,0.1,86,1.0,13.55,13.75,13.55,13.8
2025-11-10,62421,847780,13.65,13.65,13.5,13.55,-0.2,85,1.0,13.65,13.55,13.5,13.65
2025-11-11,74243,1005629,13.55,13.65,13.45,13.6,0.05,102,1.0,13.55,13.6,13.45,13.65
2025-11-12,69164,941233,13.5,13.7,13.5,13.65,0.05,111,1.0,13.5,13.65,13.5,13.7
2025-11-13,65319,887054,13.55,13.65,13.55,13.65,0.0,128,1.0,13.55,13.65,13.55,13.65
2025-11-14,100982,1364906,13.55,13.6,13.45,13.5,-0.15,161,1.0,13.55,13.5,13.45,13.6
2025-11-17,52826,709338,13.35,13.55,13.35,13.4,-0.1,108,1.0,13.35,13.4,13.35,13.55
2025-11-18,113374,1500457,13.35,13.5,13.05,13.15,-0.25,186,1.0,13.35,13.15,13.05,13.5
2025-11-19,107635,1405888,13.15,13.2,12.95,12.95,-0.2,144,1.0,13.15,12.95,12.95,13.2
2025-11-20,75264,982622,13.1,13.1,13.0,13.05,0.1,75,1.0,13.1,13.05,13.0,13.1
2025-11-21,73095,948825,12.95,13.1,12.9,13.05,0.0,125,1.0,12.95,13.05,12.9,13.1
2025-11-24,69348,907226,13.05,13.15,13.0,13.15,0.1,79,1.0,13.05,13.15,13.0,13.15
2025-11-25,58446,773472,13.15,13.3,13.15,13.3,0.15,44,1.0,13.15,13.3,13.15,13.3
2025-11-26,91754,1220029,13.25,13.45,13.15,13.45,0.15,98,1.0,13.25,13.45,13.15,13.45
2025-11-27,126073,1670982,13.35,13.4,13.2,13.3,-0.15,107,1.0,13.35,13.3,13.2,13.4
2025-11-28,39539,532886,13.3,13.55,13.3,13.5,0.2,68,1.0,13.3,13.5,13.3,13.55
2025-12-01,200624,2673796,13.5,13.6,13.2,13.25,-0.25,147,1.0,13.5,13.25,13.2,13.6
2025-12-02,235615,3105494,13.35,13.4,12.95,13.2,-0.05,181,1.0,13.35,13.2,12.95,13.4
2025-12-03,40937,541840,13.3,13.35,13.2,13.25,0.05,69,1.0,13.3,13.25,13.2,13.35
2025-12-04,92212,1210817,13.35,13.35,13.1,13.2,-0.05,112,1.0,13.35,13.2,13.1,13.35
2025-12-05,61715,809741,13.15,13.2,13.05,13.1,-0.1,125,1.0,13.15,13.1,13.05,13.2
2025-12-08,121177,1580549,13.2,13.25,13.0,13.05,-0.05,158,1.0,13.2,13.05,13.0,13.25
2025-12-09,72355,941682,13.0,13.15,13.0,13.05,0.0,80,1.0,13.0,13.05,13.0,13.15
2025-12-10,75592,984943,13.05,13.15,13.0,13.0,-0.05,120,1.0,13.05,13.0,13.0,13.15
2025-12-11,64671,838200,13.1,13.15,12.9,13.0,0.0,84,1.0,13.1,13.0,12.9,13.15
2025-12-12,63502,825437,13.0,13.1,12.95,13.0,0.0,69,1.0,13.0,13.0,12.95,13.1
2025-12-15,143245,1848408,12.9,13.0,12.8,12.95,-0.05,167,1.0,12.9,12.95,12.8,13.0
2025-12-16,144286,1867225,12.9,13.1,12.85,12.95,0.0,147,1.0,12.9,12.95,12.85,13.1
2025-12-17,168097,2175818,13.05,13.05,12.85,12.85,-0.1,196,1.0,13.05,12.85,12.85,13.05
2025-12-18,143314,1838727,12.85,12.85,12.8,12.85,0.0,140,1.0,12.85,12.85,12.8,12.85
2025-12-19,136177,1746114,12.8,12.9,12.75,12.85,0.0,158,1.0,12.8,12.85,12.75,12.9
2025-12-22,255565,3297836,12.85,13.1,12.6,13.05,0.2,747,1.0,12.85,13.05,12.6,13.1
2025-12-23,206273,2670247,13.1,13.1,12.8,12.9,-0.15,498,1.0,13.1,12.9,12.8,13.1
2025-12-24,78939,1015472,12.9,12.95,12.75,12.9,0.0,184,1.0,12.9,12.9,12.75,12.95
2025-12-26,82416,1054866,12.85,12.9,12.75,12.85,-0.05,189,1.0,12.85,12.85,12.75,12.9
2025-12-29,50245,645352,12.85,12.9,12.8,12.85,0.0,107,1.0,12.85,12.85,12.8,12.9
2025-12-30,68609,880847,12.85,12.9,12.75,12.9,0.05,152,1.0,12.85,12.9,12.75,12.9
2025-12-31,103575,1329009,12.9,12.9,12.8,12.85,-0.05,115,1.0,12.9,12.85,12.8,12.9
2026-01-02,115907,1480532,12.8,12.85,12.7,12.75,-0.1,161,1.0,12.8,12.75,12.7,12.85
2026-01-05,186779,2356451,12.65,12.65,12.55,12.55,-0.2,347,1.0,12.65,12.55,12.55,12.65
2026-01-06,316865,3958683,12.6,12.6,12.45,12.45,-0.1,852,1.0,12.6,12.45,12.45,12.6
2026-01-07,423296,5270842,12.5,12.6,12.35,12.55,0.1,1031,1.0,12.5,12.55,12.35,12.6
2026-01-08,153888,1928109,12.55,12.55,12.5,12.5,-0.05,244,1.0,12.55,12.5,12.5,12.55
2026-01-09,134667,1673663,12.5,12.6,12.35,12.4,-0.1,283,1.0,12.5,12.4,12.35,12.6
2026-01-12,225981,2817803,12.45,12.65,12.35,12.6,0.2,247,1.0,12.45,12.6,12.35,12.65
2026-01-13,162293,2024061,12.6,12.6,12.4,12.4,-0.2,240,1.0,12.6,12.4,12.4,12.6
2026-01-14,397191,4976286,12.45,12.65,12.45,12.6,0.2,223,1.0,12.45,12.6,12.45,12.65
2026-01-15,187974,2379391,12.65,12.7,12.6,12.65,0.05,156,1.0,12.65,12.65,12.6,12.7
2026-01-16,240584,3035831,12.7,12.75,12.5,12.6,-0.05,300,1.0,12.7,12.6,12.5,12.75
2026-01-19,272505,3429285,12.55,12.65,12.55,12.55,-0.05,338,1.0,12.55,12.55,12.55,12.65
2026-01-20,131232,1647031,12.55,12.6,12.5,12.55,0.0,245,1.0,12.55,12.55,12.5,12.6
2026-01-21,298486,3707458,12.55,12.55,12.35,12.45,-0.1,366,1.0,12.55,12.45,12.35,12.55
2026-01-22,139861,1737104,12.5,12.5,12.35,12.4,-0.05,166,1.0,12.5,12.4,12.35,12.5
2026-01-23,163670,2037344,12.45,12.5,12.4,12.45,0.05,138,1.0,12.45,12.45,12.4,12.5
2026-01-26,114270,1427688,12.5,12.55,12.45,12.5,0.05,120,1.0,12.5,12.5,12.45,12.55
2026-01-27,90980,1140111,12.5,12.6,12.45,12.55,0.05,106,1.0,12.5,12.55,12.45,12.6
2026-01-28,87047,1093390,12.55,12.6,12.55,12.6,0.05,106,1.0,12.55,12.6,12.55,12.6
2026-01-29,64767,813315,12.55,12.6,12.5,12.55,-0.05,116,1.0,12.55,12.55,12.5,12.6
2026-01-30,166973,2092846,12.55,12.6,12.45,12.55,0.0,131,1.0,12.55,12.55,12.45,12.6
2026-02-02,97547,1212995,12.55,12.55,12.35,12.35,-0.2,153,1.0,12.55,12.35,12.35,12.55
2026-02-03,81921,1014460,12.45,12.45,12.3,12.35,0.0,142,1.0,12.45,12.35,12.3,12.45
2026-02-04,234125,2923789,12.35,12.6,12.2,12.6,0.25,844,1.0,12.35,12.6,12.2,12.6
2026-02-05,86853,1095690,12.6,12.65,12.55,12.55,-0.05,164,1.0,12.6,12.55,12.55,12.65
2026-02-06,461533,5678461,12.5,12.55,12.2,12.25,-0.3,455,1.0,12.5,12.25,12.2,12.55
2026-02-09,68974,852269,12.4,12.4,12.3,12.35,0.1,103,1.0,12.4,12.35,12.3,12.4
2026-02-10,60564,751426,12.35,12.5,12.35,12.4,0.05,89,1.0,12.35,12.4,12.35,12.5
2026-02-11,150640,1875616,12.45,12.5,12.35,12.5,0.1,128,1.0,12.45,12.5,12.35,12.5
2026-02-23,164610,2062924,12.5,12.6,12.45,12.5,0.0,194,1.0,12.5,12.5,12.45,12.6
2026-02-24,208343,2612629,12.55,12.6,12.5,12.55,0.05,210,1.0,12.55,12.55,12.5,12.6
2026-02-25,192302,2409478,12.5,12.6,12.5,12.6,0.05,180,1.0,12.5,12.6,12.5,12.6
2026-02-26,167205,2112585,12.6,12.7,12.55,12.7,0.1,171,1.0,12.6,12.7,12.55,12.7
2026-03-02,264028,3321738,12.7,12.7,12.5,12.6,-0.1,206,1.0,12.7,12.6,12.5,12.7
2026-03-03,155386,1957197,12.6,12.65,12.55,12.6,0.0,180,1.0,12.6,12.6,12.55,12.65
2026-03-04,255944,3183162,12.5,12.6,12.4,12.4,-0.2,243,1.0,12.5,12.4,12.4,12.6
2026-03-05,55205,688432,12.55,12.55,12.45,12.5,0.1,57,1.0,12.55,12.5,12.45,12.55
2026-03-06,140434,1771253,12.55,12.75,12.5,12.75,0.25,142,1.0,12.55,12.75,12.5,12.75
2026-03-09,276808,3433046,12.45,12.55,12.3,12.4,-0.35,296,1.0,12.45,12.4,12.3,12.55
2026-03-10,91145,1130767,12.6,12.6,12.35,12.4,0.0,136,1.0,12.6,12.4,12.35,12.6
2026-03-11,333475,4287207,12.65,12.95,12.65,12.95,0.55,202,1.0,12.65,12.95,12.65,12.95
2026-03-12,87203,1122445,12.8,12.95,12.8,12.8,-0.15,143,1.0,12.8,12.8,12.8,12.95
2026-03-13,90467,1148541,12.75,12.8,12.6,12.65,-0.15,127,1.0,12.75,12.65,12.6,12.8
2026-03-16,153445,1929978,12.65,12.7,12.4,12.6,-0.05,168,1.0,12.65,12.6,12.4,12.7
2026-03-17,64542,817367,12.65,12.7,12.55,12.7,0.1,98,1.0,12.65,12.7,12.55,12.7
2026-03-18,584532,7679483,12.75,13.5,12.6,13.15,0.45,322,1.0,12.75,13.15,12.6,13.5
2026-03-19,219544,2880539,13.15,13.2,13.05,13.1,-0.05,226,1.0,13.15,13.1,13.05,13.2
2026-03-20,122477,1612867,13.15,13.2,13.1,13.2,0.1,137,1.0,13.15,13.2,13.1,13.2
2026-03-23,253964,3360943,13.2,13.3,13.15,13.2,0.0,271,1.0,13.2,13.2,13.15,13.3
2026-03-24,121044,1596069,13.35,13.35,13.15,13.15,-0.05,123,1.0,13.35,13.15,13.15,13.35
2026-03-25,122873,1620660,13.3,13.35,13.05,13.25,0.1,103,1.0,13.3,13.25,13.05,13.35
2026-03-26,74868,988313,13.35,13.35,13.1,13.2,-0.05,98,1.0,13.35,13.2,13.1,13.35
2026-03-27,231408,2997182,13.2,13.2,12.85,13.0,-0.2,172,1.0,13.2,13.0,12.85,13.2
2026-03-30,85832,1110271,12.85,13.25,12.8,13.0,0.0,107,1.0,12.85,13.0,12.8,13.25
2026-03-31,71204,919248,12.95,13.05,12.85,12.95,-0.05,88,1.0,12.95,12.95,12.85,13.05
2026-04-01,37224,486973,13.1,13.15,12.95,13.05,0.1,49,1.0,13.1,13.05,12.95,13.15
2026-04-02,46063,596295,12.95,13.1,12.9,13.0,-0.05,66,1.0,12.95,13.0,12.9,13.1
2026-04-07,147872,1901150,13.15,13.15,12.75,12.9,-0.1,137,1.0,13.15,12.9,12.75,13.15
2026-04-08,120373,1555941,12.95,13.0,12.85,12.9,0.0,123,1.0,12.95,12.9,12.85,13.0
2026-04-09,59178,763734,12.9,12.95,12.9,12.9,0.0,66,1.0,12.9,12.9,12.9,12.95
2026-04-10,98553,1273662,13.0,13.0,12.85,12.9,0.0,83,1.0,13.0,12.9,12.85,13.0
2026-04-13,47538,614901,12.9,13.0,12.9,13.0,0.1,86,1.0,12.9,13.0,12.9,13.0
2026-04-14,139588,1811069,13.05,13.05,12.9,13.0,0.0,173,1.0,13.05,13.0,12.9,13.05
2026-04-15,154130,1998350,13.0,13.0,12.9,13.0,0.0,130,1.0,13.0,13.0,12.9,13.0
2026-04-16,72373,939061,13.0,13.0,12.95,13.0,0.0,109,1.0,13.0,13.0,12.95,13.0
2026-04-17,97422,1263554,12.9,13.0,12.9,13.0,0.0,162,1.0,12.9,13.0,12.9,13.0
2026-04-20,147555,1907372,13.0,13.0,12.9,12.9,-0.1,134,1.0,13.0,12.9,12.9,13.0
2026-04-21,58862,762400,13.0,13.0,12.9,12.95,0.05,95,1.0,13.0,12.95,12.9,13.0
2026-04-22,188493,2430689,12.95,12.95,12.85,12.9,-0.05,155,1.0,12.95,12.9,12.85,12.95
2026-04-23,124482,1588181,12.9,12.9,12.65,12.7,-0.2,170,1.0,12.9,12.7,12.65,12.9
2026-04-24,257682,3246536,12.7,12.9,12.4,12.5,-0.2,243,1.0,12.7,12.5,12.4,12.9
2026-04-27,205114,2542688,12.5,12.5,12.3,12.35,-0.15,206,1.0,12.5,12.35,12.3,12.5
2026-04-28,123661,1522657,12.35,12.4,12.25,12.3,-0.05,117,1.0,12.35,12.3,12.25,12.4
2026-04-29,101925,1264494,12.4,12.55,12.3,12.45,0.15,97,1.0,12.4,12.45,12.3,12.55
2026-04-30,94355,1167977,12.45,12.45,12.3,12.4,-0.05,166,1.0,12.45,12.4,12.3,12.45
2026-05-04,96354,1193913,12.45,12.45,12.35,12.35,-0.05,89,1.0,12.45,12.35,12.35,12.45
2026-05-05,138840,1708937,12.35,12.4,12.25,12.4,0.05,145,1.0,12.35,12.4,12.25,12.4
2026-05-06,150146,1858596,12.5,12.5,12.3,12.45,0.05,116,1.0,12.5,12.45,12.3,12.5
2026-05-07,157178,1956515,12.45,12.5,12.4,12.5,0.05,116,1.0,12.45,12.5,12.4,12.5
2026-05-08,83908,1046016,12.5,12.55,12.4,12.4,-0.1,113,1.0,12.5,12.4,12.4,12.55
2026-05-11,192779,2390346,12.4,12.5,12.3,12.35,-0.05,116,1.0,12.4,12.35,12.3,12.5
2026-05-12,138119,1706581,12.35,12.4,12.3,12.3,-0.05,124,1.0,12.35,12.3,12.3,12.4
